Population	Mstar	SEMstar	Q	p	LLMstar	ULMstar	N_lab
YE	0.469115128598031	0.0398225934709186	6.1704807423131	0.628142080446135	0.391064279624051	0.547165977572011	3
RE	0.453842672198552	0.02322959782827	6.1704807423131	0.628142080446135	0.408313497079793	0.499371847317311	3
GI	0.434933426668103	0.0389438842923853	6.1704807423131	0.628142080446135	0.358604816036932	0.511262037299273	3
MU	0.465177406532198	0.0374818859205539	6.1704807423131	0.628142080446135	0.391714260055274	0.538640553009123	3
MA	0.507262816259201	0.0219446042985882	6.1704807423131	0.628142080446135	0.464252182178985	0.550273450339416	3
UM	0.477591136523424	0.0513391808440356	6.1704807423131	0.628142080446135	0.376968191073326	0.578214081973523	3
KA	0.424707042996656	0.0646301741551514	6.1704807423131	0.628142080446135	0.298034229338008	0.551379856655305	3
VA	0.390055495511163	0.0696159636259675	6.1704807423131	0.628142080446135	0.253610714055217	0.52650027696711	3
AK	0.45396018570489	0.0384542340324742	6.1704807423131	0.628142080446135	0.378591271948166	0.529329099461614	3
