Population	Mstar	SEMstar	Q	p	LLMstar	ULMstar	N_lab
YE	0.566286877992252	0.0525343145568236	5.49059757175107	0.704081480864068	0.46332151350838	0.669252242476125	3
RE	0.583708596663636	0.0358895451635615	5.49059757175107	0.704081480864068	0.513366380721532	0.65405081260574	3
GI	0.525515133686651	0.0437256511285644	5.49059757175107	0.704081480864068	0.439814432274102	0.6112158350992	3
MU	0.567930911254091	0.0544340439113	5.49059757175107	0.704081480864068	0.461242145655071	0.674619676853111	3
MA	0.626545378305439	0.0296258532087022	5.49059757175107	0.704081480864068	0.568479773005113	0.684610983605766	3
UM	0.623973734901698	0.0682249892606755	5.49059757175107	0.704081480864068	0.490255213105142	0.757692256698253	3
KA	0.55625643697516	0.0688102217104819	5.49059757175107	0.704081480864068	0.4213908806544	0.691121993295921	3
VA	0.543678230736144	0.0712697746246011	5.49059757175107	0.704081480864068	0.403992039285639	0.683364422186649	3
AK	0.547688409820611	0.0436586735696357	5.49059757175107	0.704081480864068	0.462118982011334	0.633257837629888	3
