                                           95%-CI
YE_Gibert           239.0024 [232.5234; 245.4813]
YE_Hoedjes          237.4372 [229.6359; 245.2386]
YE_Schmidt          242.1185 [223.8728; 260.3642]
YE_StamenkovicRadak 260.4127 [243.7541; 277.0713]
YE_Zwaan            224.8151 [217.9067; 231.7235]
YE_Gibert           227.0644 [221.8675; 232.2612]
YE_Hoedjes          237.8242 [232.4990; 243.1495]
YE_Schmidt          223.2945 [203.3425; 243.2466]
YE_StamenkovicRadak 244.8737 [228.8282; 260.9193]
YE_Zwaan            219.5671 [212.9227; 226.2116]
YE_Gibert           223.6244 [218.9578; 228.2909]
YE_Hoedjes          233.9412 [228.4119; 239.4706]
YE_Schmidt          216.1735 [203.7154; 228.6316]
YE_StamenkovicRadak 236.7267 [220.6421; 252.8114]
YE_Zwaan            220.5711 [214.0916; 227.0507]
YE_Gibert           216.9564 [211.8247; 222.0880]
YE_Hoedjes          239.3892 [233.8516; 244.9269]
YE_Schmidt          225.4495 [205.4975; 245.4016]
YE_StamenkovicRadak 249.1967 [233.1773; 265.2162]
YE_Zwaan            222.1351 [215.4248; 228.8455]
YE_Gibert           220.4864 [215.4743; 225.4984]
YE_Hoedjes          233.3372 [227.9826; 238.6919]
YE_Schmidt          224.5085 [201.8942; 247.1228]
YE_StamenkovicRadak 247.2747 [231.1672; 263.3823]
YE_Zwaan            220.8281 [214.3092; 227.3471]
YE_Gibert           215.1914 [209.6617; 220.7210]
YE_Hoedjes          243.2452 [237.4851; 249.0054]
YE_Schmidt          220.5485 [205.0974; 235.9996]
YE_StamenkovicRadak 241.1797 [224.4913; 257.8682]
YE_Zwaan            221.7551 [214.2279; 229.2824]
YE_Gibert           223.7884 [218.1157; 229.4611]
YE_Hoedjes          239.7732 [233.9032; 245.6432]
YE_Schmidt          221.6715 [207.2403; 236.1028]
YE_StamenkovicRadak 244.5487 [228.1214; 260.9761]
YE_Zwaan            225.4391 [218.0673; 232.8110]
YE_Gibert           225.5454 [220.5958; 230.4949]
YE_Hoedjes          243.0622 [237.3626; 248.7619]
YE_Schmidt          217.2965 [204.3222; 230.2709]
YE_StamenkovicRadak 243.4927 [226.8987; 260.0868]
YE_Zwaan            221.1211 [214.0254; 228.2169]
YE_Gibert           221.2074 [215.9335; 226.4812]
YE_Hoedjes          245.6802 [239.2947; 252.0657]
YE_Schmidt          221.8225 [205.6742; 237.9708]
YE_StamenkovicRadak 242.8087 [226.5818; 259.0357]
YE_Zwaan            227.4161 [220.5568; 234.2755]
YE_Gibert           222.4704 [217.0310; 227.9098]
YE_Hoedjes          247.6732 [242.0356; 253.3109]
YE_Schmidt          225.4835 [211.7645; 239.2025]
YE_StamenkovicRadak 261.9607 [245.5087; 278.4128]
YE_Zwaan            228.8581 [222.3097; 235.4066]
YE_Gibert           223.7764 [217.9064; 229.6463]
YE_Hoedjes          239.0302 [232.9522; 245.1083]
YE_Schmidt          253.5415 [238.6500; 268.4330]
YE_StamenkovicRadak 249.4937 [233.1503; 265.8372]
YE_Zwaan            224.6091 [216.6400; 232.5783]
YE_Gibert           218.3644 [213.3876; 223.3411]
YE_Hoedjes          236.4732 [230.9604; 241.9861]
YE_Schmidt          227.6045 [207.6525; 247.5566]
YE_StamenkovicRadak 241.2677 [225.0735; 257.4619]
YE_Zwaan            223.8921 [214.2343; 233.5500]
YE_Gibert           222.5954 [217.9751; 227.2156]
YE_Hoedjes          241.7242 [236.0280; 247.4205]
YE_Schmidt          257.3515 [244.7394; 269.9637]
YE_StamenkovicRadak 244.7447 [227.2147; 262.2748]
YE_Zwaan            222.5151 [215.5683; 229.4620]
YE_Gibert           217.6384 [212.8613; 222.4154]
YE_Hoedjes          234.1712 [228.7657; 239.5768]
YE_Schmidt          217.0545 [200.9062; 233.2028]
YE_StamenkovicRadak 253.4437 [237.3852; 269.5023]
YE_Zwaan            221.3501 [212.9579; 229.7424]
YE_Gibert           227.9414 [222.1924; 233.6903]
YE_Hoedjes          234.8272 [229.2397; 240.4148]
YE_Schmidt          216.9175 [201.4664; 232.3686]
YE_StamenkovicRadak 252.8637 [236.3490; 269.3785]
YE_Zwaan            224.0141 [215.7402; 232.2881]
YE_Gibert           225.1124 [219.8516; 230.3731]
YE_Hoedjes          240.0352 [234.3708; 245.6996]
YE_Schmidt          225.7345 [210.2834; 241.1856]
YE_StamenkovicRadak 259.4977 [243.4359; 275.5596]
YE_Zwaan            230.3431 [223.7430; 236.9433]
YE_Gibert           227.4984 [223.5972; 231.3995]
YE_Hoedjes          243.2412 [238.0492; 248.4333]
YE_Schmidt          222.8415 [205.7964; 239.8866]
YE_StamenkovicRadak 233.7397 [217.7154; 249.7641]
YE_Zwaan            218.3651 [211.4183; 225.3120]
YE_Gibert           216.5014 [210.6331; 222.3696]
YE_Hoedjes          230.9442 [225.3150; 236.5735]
YE_Schmidt          215.6605 [193.0462; 238.2748]
YE_StamenkovicRadak 231.8087 [215.4308; 248.1867]
YE_Zwaan            220.5501 [213.6513; 227.4490]
YE_Gibert           226.6784 [221.8778; 231.4789]
YE_Hoedjes          241.5452 [236.0969; 246.9936]
YE_Schmidt          224.6845 [211.4940; 237.8751]
YE_StamenkovicRadak 245.3797 [229.3570; 261.4024]
YE_Zwaan            226.4061 [219.7604; 233.0519]
YE_Gibert           228.9634 [224.3339; 233.5929]
YE_Hoedjes          240.7272 [235.0913; 246.3632]
YE_Schmidt          218.9925 [203.5414; 234.4436]
YE_StamenkovicRadak 236.1417 [219.9459; 252.3376]
YE_Zwaan            217.7321 [210.9712; 224.4931]
RE_Gibert           225.2126 [220.2159; 230.2093]
RE_StamenkovicRadak 252.3815 [235.9550; 268.8079]
RE_Zwaan            221.6524 [215.3853; 227.9195]
RE_Gibert           226.1066 [221.3784; 230.8348]
RE_Hoedjes          240.9954 [235.4059; 246.5850]
RE_Schmidt          222.5119 [194.4345; 250.5893]
RE_StamenkovicRadak 261.1715 [244.9113; 277.4317]
RE_Zwaan            240.5304 [233.7453; 247.3154]
RE_Gibert           227.7906 [223.0060; 232.5753]
RE_Hoedjes          239.0204 [233.4911; 244.5497]
RE_Schmidt          245.1089 [230.7824; 259.4354]
RE_StamenkovicRadak 281.0475 [264.6338; 297.4611]
RE_Zwaan            231.2194 [224.0392; 238.3996]
RE_Gibert           225.6656 [220.5311; 230.8002]
RE_Hoedjes          242.5964 [236.6876; 248.5052]
RE_Schmidt          214.4799 [200.1534; 228.8064]
RE_StamenkovicRadak 254.8015 [237.9151; 271.6878]
RE_Zwaan            226.4744 [219.9635; 232.9852]
RE_Gibert           225.3666 [220.5506; 230.1827]
RE_Hoedjes          237.7124 [232.0206; 243.4042]
RE_Schmidt          246.6629 [230.7564; 262.5693]
RE_StamenkovicRadak 290.1185 [273.6005; 306.6364]
RE_Zwaan            226.3064 [219.2896; 233.3231]
RE_Gibert           233.8176 [229.2123; 238.4229]
RE_Hoedjes          244.3084 [238.6982; 249.9187]
RE_Schmidt          217.6609 [200.5721; 234.7496]
RE_StamenkovicRadak 249.6195 [233.1336; 266.1053]
RE_Zwaan            227.8414 [221.2597; 234.4230]
RE_Gibert           226.6096 [221.4891; 231.7301]
RE_Hoedjes          244.4614 [239.1278; 249.7950]
RE_Schmidt          220.0389 [203.6073; 236.4704]
RE_StamenkovicRadak 240.8635 [224.6335; 257.0934]
RE_Zwaan            233.7724 [227.1009; 240.4438]
RE_Gibert           223.3776 [218.8514; 227.9038]
RE_Hoedjes          243.0294 [237.1744; 248.8844]
RE_Schmidt          282.4739 [266.5674; 298.3803]
RE_StamenkovicRadak 248.4605 [232.0180; 264.9030]
RE_Zwaan            235.6184 [228.3683; 242.8684]
RE_Gibert           227.9886 [223.3207; 232.6565]
RE_Hoedjes          232.9074 [227.2828; 238.5320]
RE_Schmidt          224.5659 [210.7700; 238.3617]
RE_StamenkovicRadak 255.5415 [238.9575; 272.1254]
RE_Zwaan            234.4704 [227.8320; 241.1087]
RE_Gibert           232.5026 [227.5335; 237.4717]
RE_Hoedjes          258.4544 [252.9740; 263.9348]
RE_Schmidt          230.1099 [214.9927; 245.2271]
RE_StamenkovicRadak 275.5625 [259.1968; 291.9281]
RE_Zwaan            224.0534 [217.8605; 230.2462]
RE_Gibert           236.7106 [230.9288; 242.4925]
RE_Grath            313.0377 [302.7502; 323.3251]
RE_Hoedjes          250.5224 [244.6593; 256.3856]
RE_Schmidt          215.7709 [195.0503; 236.4915]
RE_StamenkovicRadak 265.3375 [248.9830; 281.6919]
RE_Zwaan            232.4944 [225.2961; 239.6926]
RE_Gibert           228.0806 [223.1100; 233.0512]
RE_Hoedjes          249.4324 [243.8429; 255.0220]
RE_Schmidt          220.7529 [202.8142; 238.6915]
RE_StamenkovicRadak 244.2525 [227.9986; 260.5063]
RE_Zwaan            226.4214 [219.7140; 233.1287]
RE_Gibert           222.2756 [217.3173; 227.2340]
RE_Hoedjes          246.1884 [240.2010; 252.1758]
RE_Schmidt          227.6229 [206.9023; 248.3435]
RE_StamenkovicRadak 263.2425 [247.0539; 279.4310]
RE_Zwaan            224.3424 [217.3918; 231.2929]
RE_Gibert           232.4996 [227.4134; 237.5859]
RE_Hoedjes          249.8264 [243.9698; 255.6831]
RE_Schmidt          260.8069 [241.7238; 279.8899]
RE_StamenkovicRadak 267.0985 [250.8606; 283.3364]
RE_Zwaan            240.3264 [232.8746; 247.7782]
RE_Gibert           228.6696 [224.5413; 232.7980]
RE_Grath            318.6657 [308.8800; 328.4514]
RE_Hoedjes          243.2454 [236.9510; 249.5398]
RE_Schmidt          217.5169 [198.4338; 236.5999]
RE_StamenkovicRadak 257.9765 [241.6796; 274.2734]
RE_Zwaan            225.4824 [218.8007; 232.1640]
RE_Gibert           234.6636 [229.2759; 240.0513]
RE_Grath            341.1897 [330.0347; 352.3447]
RE_Hoedjes          243.8744 [238.1874; 249.5614]
RE_Schmidt          228.6799 [213.2035; 244.1563]
RE_StamenkovicRadak 246.6915 [230.2650; 263.1179]
RE_Zwaan            227.6404 [220.8265; 234.4542]
GI_Gibert           235.7280 [230.8427; 240.6134]
GI_Hoedjes          239.7016 [234.0945; 245.3088]
GI_Schmidt          292.3162 [270.5313; 314.1010]
GI_StamenkovicRadak 258.9407 [241.9532; 275.9282]
GI_Zwaan            222.0075 [215.8079; 228.2070]
GI_Gibert           232.4670 [228.2506; 236.6835]
GI_Hoedjes          247.7246 [242.3138; 253.1355]
GI_Schmidt          237.9722 [221.9395; 254.0048]
GI_StamenkovicRadak 240.0697 [223.2048; 256.9347]
GI_Zwaan            234.3605 [226.8738; 241.8471]
GI_Gibert           229.5620 [224.3929; 234.7312]
GI_Hoedjes          247.9396 [242.5131; 253.3661]
GI_Schmidt          237.3462 [220.4714; 254.2209]
GI_StamenkovicRadak 263.2657 [246.5150; 280.0164]
GI_Zwaan            227.1115 [220.2017; 234.0212]
GI_Gibert           242.5840 [237.2063; 247.9618]
GI_Hoedjes          253.3536 [247.3814; 259.3259]
GI_Schmidt          231.9922 [215.1174; 248.8669]
GI_StamenkovicRadak 256.9727 [240.0795; 273.8659]
GI_Zwaan            234.4515 [226.8367; 242.0662]
GI_Gibert           230.2630 [225.2114; 235.3147]
GI_Hoedjes          242.2636 [236.5101; 248.0172]
GI_Schmidt          281.5412 [259.7563; 303.3260]
GI_Zwaan            238.0505 [231.3797; 244.7212]
GI_Gibert           238.3510 [232.9401; 243.7620]
GI_Hoedjes          254.0346 [247.8035; 260.2658]
GI_Schmidt          264.6552 [235.7834; 293.5269]
GI_StamenkovicRadak 252.1077 [234.7243; 269.4912]
GI_Zwaan            223.7975 [217.0661; 230.5288]
GI_Gibert           233.4170 [228.2494; 238.5847]
GI_Hoedjes          249.8666 [244.2002; 255.5331]
GI_Schmidt          227.1382 [210.5923; 243.6840]
GI_Zwaan            230.0415 [223.0935; 236.9894]
GI_Gibert           224.8480 [220.0348; 229.6613]
GI_Hoedjes          237.1576 [231.2461; 243.0692]
GI_Schmidt          225.7662 [208.0114; 243.5209]
GI_StamenkovicRadak 241.2887 [224.4222; 258.1552]
GI_Zwaan            219.6645 [213.4945; 225.8344]
GI_Gibert           226.8530 [221.9677; 231.7384]
GI_Hoedjes          240.5376 [235.1816; 245.8937]
GI_StamenkovicRadak 250.1067 [233.4278; 266.7857]
GI_Zwaan            221.5185 [214.6048; 228.4321]
GI_Gibert           226.5470 [221.4879; 231.6062]
GI_Hoedjes          236.7716 [230.4919; 243.0514]
GI_StamenkovicRadak 244.5957 [227.8825; 261.3090]
GI_Zwaan            223.9205 [216.7090; 231.1320]
GI_Gibert           221.6470 [216.1234; 227.1707]
GI_Hoedjes          237.0246 [231.3534; 242.6959]
GI_Schmidt          215.3172 [199.2845; 231.3498]
GI_StamenkovicRadak 249.5167 [232.6424; 266.3911]
GI_Zwaan            225.7685 [219.0700; 232.4669]
GI_Gibert           239.6290 [234.2984; 244.9597]
GI_Hoedjes          249.4956 [243.8837; 255.1076]
GI_StamenkovicRadak 258.3667 [241.7360; 274.9974]
GI_Zwaan            234.3915 [227.7332; 241.0497]
GI_Gibert           237.1280 [232.2796; 241.9765]
GI_Hoedjes          243.0906 [237.8261; 248.3552]
GI_StamenkovicRadak 251.4357 [234.6772; 268.1943]
GI_Zwaan            230.6835 [223.7116; 237.6553]
GI_Gibert           225.1540 [220.0690; 230.2391]
GI_Hoedjes          242.5916 [236.9541; 248.2292]
GI_Schmidt          245.7642 [228.4942; 263.0341]
GI_StamenkovicRadak 245.5517 [228.9474; 262.1560]
GI_Zwaan            235.7785 [228.6872; 242.8697]
GI_Gibert           233.9620 [229.1018; 238.8223]
GI_Hoedjes          248.1456 [242.3125; 253.9787]
GI_Schmidt          214.4802 [195.3221; 233.6382]
GI_StamenkovicRadak 260.1887 [243.5751; 276.8023]
GI_Zwaan            238.4555 [231.2577; 245.6532]
MU_Gibert           226.3211 [221.7562; 230.8861]
MU_Hoedjes          236.8914 [231.5056; 242.2773]
MU_Schmidt          247.3884 [233.6557; 261.1210]
MU_StamenkovicRadak 243.4739 [227.4254; 259.5225]
MU_Zwaan            227.7762 [221.7117; 233.8406]
MU_Gibert           217.8031 [213.2057; 222.4006]
MU_Grath            319.7926 [313.1653; 326.4198]
MU_Hoedjes          237.8024 [232.7583; 242.8466]
MU_Schmidt          227.9334 [214.7286; 241.1381]
MU_StamenkovicRadak 253.1439 [237.2227; 269.0652]
MU_Zwaan            227.0502 [220.6525; 233.4478]
MU_Gibert           223.4321 [218.3828; 228.4815]
MU_Hoedjes          237.0174 [231.1959; 242.8389]
MU_Schmidt          252.8524 [239.1197; 266.5850]
MU_StamenkovicRadak 253.1339 [236.6877; 269.5801]
MU_Zwaan            225.4282 [218.1964; 232.6599]
MU_Gibert           227.0241 [222.1844; 231.8639]
MU_Hoedjes          231.9484 [226.7142; 237.1827]
MU_Schmidt          229.3914 [216.1866; 242.5961]
MU_StamenkovicRadak 250.7889 [234.9295; 266.6483]
MU_Zwaan            222.1612 [215.3234; 228.9989]
MU_Gibert           233.8291 [229.1757; 238.4826]
MU_Grath            312.1086 [304.8132; 319.4039]
MU_Hoedjes          241.7144 [236.5878; 246.8410]
MU_Schmidt          213.6624 [198.7583; 228.5664]
MU_StamenkovicRadak 233.6519 [217.6557; 249.6482]
MU_Zwaan            223.0842 [216.0125; 230.1558]
MU_Gibert           222.8121 [217.9548; 227.6695]
MU_Grath            316.0886 [309.0624; 323.1147]
MU_Hoedjes          235.6224 [230.1067; 241.1382]
MU_Schmidt          233.5864 [218.1231; 249.0496]
MU_StamenkovicRadak 242.9189 [226.8311; 259.0067]
MU_Zwaan            222.7202 [215.8011; 229.6392]
MU_Gibert           235.8171 [231.0473; 240.5870]
MU_Grath            310.5336 [303.5545; 317.5126]
MU_Hoedjes          239.2844 [234.2015; 244.3673]
MU_Schmidt          227.3624 [211.8991; 242.8256]
MU_StamenkovicRadak 239.1819 [223.2395; 255.1244]
MU_Zwaan            222.3452 [215.7752; 228.9151]
MU_Gibert           230.2251 [225.3822; 235.0681]
MU_Hoedjes          230.5734 [225.4646; 235.6822]
MU_Schmidt          240.2914 [225.3873; 255.1954]
MU_StamenkovicRadak 239.6109 [223.6929; 255.5289]
MU_Zwaan            226.7582 [219.9681; 233.5482]
MU_Gibert           244.4991 [239.9327; 249.0656]
MU_Hoedjes          239.4634 [234.0726; 244.8543]
MU_Schmidt          216.1674 [204.1789; 228.1558]
MU_StamenkovicRadak 253.1569 [237.2552; 269.0586]
MU_Zwaan            230.3432 [223.4394; 237.2470]
MU_Gibert           226.6251 [222.0308; 231.2195]
MU_Hoedjes          240.7314 [235.3638; 246.0991]
MU_StamenkovicRadak 236.6239 [220.8717; 252.3762]
MU_Zwaan            225.3192 [217.5820; 233.0563]
MU_Gibert           227.4071 [223.5344; 231.2799]
MU_Hoedjes          235.3814 [230.0171; 240.7458]
MU_Schmidt          222.1764 [206.7131; 237.6396]
MU_StamenkovicRadak 234.6979 [218.7457; 250.6501]
MU_Zwaan            227.0752 [219.6242; 234.5261]
MU_Gibert           218.7081 [214.0265; 223.3898]
MU_Hoedjes          232.7734 [227.8047; 237.7422]
MU_Schmidt          229.0554 [212.8955; 245.2152]
MU_StamenkovicRadak 249.8849 [233.9474; 265.8225]
MU_Zwaan            220.9842 [214.9348; 227.0335]
MU_Gibert           229.7331 [224.8454; 234.6209]
MU_Hoedjes          237.2034 [231.7161; 242.6908]
MU_Schmidt          211.5974 [198.3926; 224.8021]
MU_StamenkovicRadak 241.6139 [225.7545; 257.4733]
MU_Zwaan            228.9742 [222.2745; 235.6738]
MU_Gibert           218.5301 [213.6456; 223.4147]
MU_Grath            309.2636 [302.2374; 316.2897]
MU_Hoedjes          231.2234 [225.6926; 236.7542]
MU_Schmidt          212.6274 [200.0003; 225.2544]
MU_StamenkovicRadak 233.1659 [217.1354; 249.1965]
MU_Zwaan            221.4652 [214.8082; 228.1221]
MU_Gibert           233.4751 [228.8217; 238.1286]
MU_Grath            301.5296 [294.6381; 308.4210]
MU_Hoedjes          240.6074 [235.3764; 245.8384]
MU_Schmidt          226.9844 [213.5335; 240.4353]
MU_StamenkovicRadak 239.6459 [223.8418; 255.4501]
MU_Zwaan            223.8742 [217.4626; 230.2857]
MU_Gibert           231.4711 [226.8286; 236.1137]
MU_Grath            313.1846 [306.1584; 320.2107]
MU_Hoedjes          237.8084 [232.7433; 242.8735]
MU_Schmidt          216.7714 [198.5154; 235.0273]
MU_StamenkovicRadak 249.9299 [233.9092; 265.9507]
MU_Zwaan            223.6502 [217.2676; 230.0327]
MU_Gibert           222.4791 [217.6807; 227.2776]
MU_Grath            317.9776 [311.0438; 324.9113]
MU_Hoedjes          236.6754 [231.2514; 242.0995]
MU_Schmidt          223.0964 [206.9365; 239.2562]
MU_StamenkovicRadak 247.7929 [231.9010; 263.6849]
MU_Zwaan            224.6012 [217.6335; 231.5688]
MU_Gibert           224.8591 [220.2431; 229.4752]
MU_Grath            306.8496 [300.3750; 313.3241]
MU_Hoedjes          237.0724 [231.9474; 242.1974]
MU_Schmidt          244.2904 [230.8395; 257.7413]
MU_StamenkovicRadak 252.9659 [237.0365; 268.8953]
MU_Zwaan            226.4712 [219.8301; 233.1122]
MU_Gibert           235.3171 [230.4949; 240.1394]
MU_Grath            314.1486 [307.1695; 321.1276]
MU_Hoedjes          237.8284 [232.6693; 242.9876]
MU_Schmidt          220.5494 [205.6453; 235.4534]
MU_StamenkovicRadak 246.5739 [230.0864; 263.0614]
MU_Zwaan            232.6902 [226.0226; 239.3577]
MU_Gibert           225.6561 [220.8815; 230.4308]
MU_Hoedjes          233.0054 [227.5781; 238.4328]
MU_Schmidt          211.8264 [196.9223; 226.7304]
MU_StamenkovicRadak 240.5209 [224.3988; 256.6431]
MU_Zwaan            228.1342 [221.5420; 234.7264]
MA_Gibert           215.6902 [211.0758; 220.3046]
MA_Hoedjes          230.8764 [225.9112; 235.8417]
MA_Schmidt          224.4382 [208.9020; 239.9743]
MA_StamenkovicRadak 249.9736 [233.8542; 266.0931]
MA_Zwaan            231.0494 [224.3202; 237.7786]
MA_Gibert           219.9882 [215.2819; 224.6944]
MA_Hoedjes          240.7734 [235.3661; 246.1808]
MA_Schmidt          228.6222 [215.3321; 241.9122]
MA_StamenkovicRadak 259.3166 [243.1694; 275.4639]
MA_Zwaan            238.4344 [231.8962; 244.9725]
MA_Gibert           230.3032 [225.5451; 235.0612]
MA_Hoedjes          248.0704 [242.8363; 253.3045]
MA_StamenkovicRadak 246.4626 [230.5534; 262.3719]
MA_Zwaan            226.0084 [219.2994; 232.7174]
MA_Gibert           224.5452 [219.7808; 229.3095]
MA_Hoedjes          241.5604 [236.1846; 246.9363]
MA_Schmidt          230.0802 [216.7901; 243.3702]
MA_StamenkovicRadak 233.0006 [216.6039; 249.3974]
MA_Zwaan            234.4434 [227.8079; 241.0789]
MA_Gibert           224.3522 [219.7810; 228.9234]
MA_Hoedjes          235.0414 [229.6490; 240.4339]
MA_Schmidt          211.6202 [197.4813; 225.7590]
MA_StamenkovicRadak 248.3186 [232.2074; 264.4299]
MA_Zwaan            228.6554 [222.2026; 235.1082]
MA_Gibert           231.9232 [225.7688; 238.0776]
MA_Hoedjes          237.2184 [232.1050; 242.3319]
MA_Schmidt          213.6822 [195.3644; 231.9999]
MA_StamenkovicRadak 259.1126 [243.1319; 275.0934]
MA_Zwaan            224.4324 [217.9770; 230.8878]
MA_Gibert           227.2802 [222.4652; 232.0951]
MA_Hoedjes          236.8264 [231.5628; 242.0901]
MA_Schmidt          211.2462 [197.1073; 225.3850]
MA_StamenkovicRadak 281.7306 [265.8279; 297.6334]
MA_Zwaan            223.4294 [216.8677; 229.9911]
MA_Gibert           234.0522 [228.9786; 239.1257]
MA_Hoedjes          244.8724 [239.5874; 250.1575]
MA_Schmidt          272.6892 [245.1262; 300.2521]
MA_StamenkovicRadak 245.6156 [229.4733; 261.7580]
MA_Zwaan            229.4374 [223.0101; 235.8647]
MA_Gibert           231.8892 [226.9882; 236.7901]
MA_Hoedjes          240.9074 [235.7859; 246.0290]
MA_Schmidt          223.0192 [204.7014; 241.3369]
MA_StamenkovicRadak 234.1106 [217.5357; 250.6856]
MA_Zwaan            226.4344 [219.5771; 233.2917]
MA_Gibert           225.2522 [220.3480; 230.1563]
MA_Hoedjes          238.1254 [232.9208; 243.3301]
MA_Schmidt          231.2342 [218.8087; 243.6596]
MA_StamenkovicRadak 242.7996 [226.6916; 258.9077]
MA_Zwaan            227.1924 [220.6789; 233.7058]
MA_Gibert           223.6602 [218.7848; 228.5356]
MA_Hoedjes          246.9014 [241.3068; 252.4960]
MA_Schmidt          229.3002 [215.7655; 242.8348]
MA_StamenkovicRadak 251.2856 [234.2802; 268.2911]
MA_Zwaan            227.8274 [221.2315; 234.4232]
MA_Gibert           223.2522 [218.6424; 227.8619]
MA_Hoedjes          237.3804 [232.1496; 242.6113]
MA_Schmidt          211.1192 [197.8291; 224.4092]
MA_StamenkovicRadak 246.6836 [230.7289; 262.6384]
MA_Zwaan            221.1254 [215.2879; 226.9629]
MA_Gibert           227.5852 [223.5915; 231.5789]
MA_Hoedjes          237.8004 [232.7113; 242.8896]
MA_Schmidt          307.6742 [294.3841; 320.9642]
MA_StamenkovicRadak 247.2996 [231.2651; 263.3342]
MA_Zwaan            230.6754 [224.0888; 237.2620]
MA_Gibert           235.6812 [230.5620; 240.8004]
MA_Hoedjes          236.6904 [231.1378; 242.2430]
MA_Schmidt          259.5432 [246.2531; 272.8332]
MA_StamenkovicRadak 267.1056 [251.0091; 283.2022]
MA_Zwaan            223.1084 [216.2786; 229.9382]
MA_Gibert           225.2492 [220.2113; 230.2870]
MA_Hoedjes          240.5014 [235.2902; 245.7126]
MA_Schmidt          204.7022 [191.4121; 217.9922]
MA_StamenkovicRadak 262.2036 [246.2180; 278.1893]
MA_Zwaan            232.2484 [225.7427; 238.7541]
MA_Gibert           220.2592 [215.4442; 225.0741]
MA_Hoedjes          240.7344 [235.3104; 246.1584]
MA_Schmidt          209.8862 [192.7639; 227.0084]
MA_StamenkovicRadak 236.0146 [220.0941; 251.9352]
MA_Zwaan            224.8584 [218.1574; 231.5593]
MA_Gibert           215.2972 [209.9837; 220.6106]
MA_Hoedjes          234.6854 [229.7009; 239.6699]
MA_Schmidt          213.2282 [198.7059; 227.7504]
MA_StamenkovicRadak 246.9266 [230.8333; 263.0200]
MA_Zwaan            220.4324 [214.3919; 226.4728]
MA_Gibert           222.6982 [217.9653; 227.4311]
MA_Hoedjes          236.0784 [230.7983; 241.3585]
MA_Schmidt          215.2132 [195.1952; 235.2311]
MA_StamenkovicRadak 261.5056 [245.1204; 277.8909]
MA_Zwaan            231.5354 [223.8885; 239.1823]
MA_Gibert           222.4802 [217.6112; 227.3492]
MA_Hoedjes          244.4494 [238.9437; 249.9551]
MA_Schmidt          223.1952 [209.0563; 237.3340]
MA_StamenkovicRadak 245.4736 [229.3983; 261.5490]
MA_Zwaan            226.0764 [219.1430; 233.0098]
MA_Gibert           224.5632 [219.7925; 229.3338]
MA_Hoedjes          237.8554 [232.6736; 243.0372]
MA_Schmidt          225.5892 [212.5137; 238.6646]
MA_StamenkovicRadak 244.4126 [228.3406; 260.4847]
MA_Zwaan            227.7034 [220.5007; 234.9060]
UM_Gibert           224.8929 [220.0212; 229.7647]
UM_Hoedjes          233.1584 [227.6246; 238.6921]
UM_Schmidt          215.7727 [201.2085; 230.3370]
UM_StamenkovicRadak 238.2170 [221.9268; 254.5071]
UM_Zwaan            222.2613 [215.7167; 228.8058]
UM_Gibert           224.5619 [219.5960; 229.5279]
UM_Hoedjes          236.1954 [230.0011; 242.3896]
UM_Schmidt          213.6667 [198.4296; 228.9038]
UM_StamenkovicRadak 262.3440 [246.0295; 278.6584]
UM_Zwaan            227.4573 [220.5602; 234.3543]
UM_Gibert           221.8539 [217.2222; 226.4857]
UM_Hoedjes          239.8714 [234.7677; 244.9750]
UM_Schmidt          217.4797 [202.9155; 232.0440]
UM_StamenkovicRadak 260.8080 [244.1154; 277.5005]
UM_Zwaan            232.4453 [225.7826; 239.1079]
UM_Gibert           230.0219 [225.3932; 234.6506]
UM_Hoedjes          239.1854 [233.6793; 244.6914]
UM_Schmidt          232.0987 [218.9616; 245.2359]
UM_StamenkovicRadak 289.6770 [273.4887; 305.8652]
UM_Zwaan            221.6863 [215.8342; 227.5383]
UM_Gibert           222.5889 [217.7980; 227.3798]
UM_Hoedjes          239.0114 [233.7371; 244.2856]
UM_Schmidt          234.8197 [221.4365; 248.2030]
UM_StamenkovicRadak 257.5340 [239.6151; 275.4528]
UM_Zwaan            226.1703 [219.6996; 232.6409]
UM_Gibert           232.2949 [227.6313; 236.9585]
UM_Hoedjes          240.4044 [235.0790; 245.7297]
UM_Schmidt          266.1597 [251.2876; 281.0318]
UM_StamenkovicRadak 249.4110 [233.1143; 265.7076]
UM_Zwaan            225.6093 [219.0942; 232.1243]
UM_Gibert           240.8129 [235.8201; 245.8058]
UM_Schmidt          234.3257 [218.1194; 250.5321]
UM_StamenkovicRadak 252.8750 [234.9157; 270.8343]
UM_Zwaan            226.3053 [219.6242; 232.9863]
UM_Gibert           226.1679 [221.2712; 231.0647]
UM_Hoedjes          240.9904 [235.7113; 246.2694]
UM_Schmidt          223.5507 [208.3136; 238.7878]
UM_StamenkovicRadak 238.4140 [222.0476; 254.7804]
UM_Zwaan            227.1853 [220.5969; 233.7736]
UM_StamenkovicRadak 254.8810 [238.6216; 271.1404]
UM_Gibert           225.6799 [221.1040; 230.2559]
UM_Hoedjes          241.8624 [236.4260; 247.2987]
UM_Schmidt          259.4577 [238.9153; 280.0002]
UM_StamenkovicRadak 249.5810 [233.3895; 265.7724]
UM_Zwaan            229.5973 [223.2030; 235.9915]
UM_Gibert           229.3619 [224.3928; 234.3310]
UM_Hoedjes          232.9324 [227.7564; 238.1083]
UM_StamenkovicRadak 252.6310 [236.5266; 268.7353]
UM_Zwaan            223.1563 [216.6982; 229.6143]
UM_Gibert           238.9639 [234.2530; 243.6748]
UM_Hoedjes          235.4544 [229.9759; 240.9328]
UM_Schmidt          229.5157 [215.4481; 243.5834]
UM_StamenkovicRadak 257.7510 [241.2170; 274.2850]
UM_Zwaan            220.8583 [214.2622; 227.4544]
UM_Gibert           227.4389 [222.1700; 232.7079]
UM_Hoedjes          230.5924 [225.1301; 236.0546]
UM_Schmidt          206.7897 [191.9176; 221.6618]
UM_StamenkovicRadak 286.6860 [270.6926; 302.6793]
UM_Zwaan            223.8833 [216.8203; 230.9462]
UM_Gibert           230.3139 [225.2830; 235.3448]
UM_Hoedjes          234.1374 [228.2067; 240.0680]
UM_Schmidt          229.9407 [215.0686; 244.8128]
UM_StamenkovicRadak 269.1140 [252.8788; 285.3491]
UM_Zwaan            217.9623 [211.7831; 224.1414]
UM_Gibert           230.2269 [225.6133; 234.8405]
UM_Hoedjes          239.6614 [234.4189; 244.9038]
UM_Schmidt          227.5097 [213.6446; 241.3748]
UM_StamenkovicRadak 261.3830 [245.3527; 277.4133]
UM_Zwaan            228.2113 [221.1329; 235.2896]
UM_Gibert           227.6099 [222.8082; 232.4117]
UM_Hoedjes          240.9214 [235.4429; 246.3998]
UM_StamenkovicRadak 239.6230 [223.5251; 255.7209]
UM_Zwaan            223.0433 [216.5802; 229.5063]
UM_Gibert           233.4769 [229.4828; 237.4710]
UM_Hoedjes          235.9384 [230.2703; 241.6064]
UM_Schmidt          214.2167 [199.9178; 228.5156]
UM_StamenkovicRadak 256.8400 [240.6404; 273.0395]
UM_Zwaan            217.9483 [211.3973; 224.4992]
UM_Gibert           237.9979 [233.2410; 242.7549]
UM_Hoedjes          239.4174 [233.4900; 245.3447]
UM_Zwaan            228.1283 [221.3516; 234.9050]
UM_Gibert           231.6449 [226.6568; 236.6330]
UM_Hoedjes          242.2244 [236.8251; 247.6236]
UM_Schmidt          231.2657 [217.1981; 245.3334]
UM_StamenkovicRadak 249.7250 [233.5367; 265.9132]
UM_Zwaan            229.2663 [222.7050; 235.8275]
KA_Gibert           229.7162 [224.3694; 235.0630]
KA_Hoedjes          234.3468 [229.1510; 239.5426]
KA_Schmidt          208.9864 [196.3529; 221.6199]
KA_StamenkovicRadak 225.5350 [209.5228; 241.5472]
KA_Zwaan            222.6079 [216.7362; 228.4796]
KA_Gibert           223.7942 [218.4907; 229.0978]
KA_Hoedjes          237.7748 [232.2802; 243.2693]
KA_Schmidt          221.0144 [208.2101; 233.8186]
KA_StamenkovicRadak 223.7630 [207.8405; 239.6855]
KA_Zwaan            244.4939 [237.8264; 251.1613]
KA_Gibert           227.1462 [223.2457; 231.0467]
KA_Hoedjes          236.5818 [231.2893; 241.8742]
KA_Schmidt          223.7514 [210.0128; 237.4900]
KA_StamenkovicRadak 238.6570 [222.7182; 254.5958]
KA_Zwaan            230.7109 [223.8449; 237.5769]
KA_Gibert           224.0842 [219.4217; 228.7468]
KA_Hoedjes          232.6558 [227.3420; 237.9696]
KA_Schmidt          212.4434 [198.9864; 225.9004]
KA_StamenkovicRadak 234.3110 [218.2580; 250.3641]
KA_Zwaan            228.5549 [221.7671; 235.3426]
KA_Gibert           231.2102 [226.1485; 236.2719]
KA_Hoedjes          238.3458 [233.1532; 243.5383]
KA_StamenkovicRadak 230.5830 [214.5708; 246.5952]
KA_Zwaan            220.8409 [214.1748; 227.5070]
KA_Gibert           229.0672 [224.3859; 233.7485]
KA_Hoedjes          236.8028 [231.5612; 242.0443]
KA_Schmidt          217.0284 [194.4021; 239.6546]
KA_StamenkovicRadak 227.2200 [211.1784; 243.2616]
KA_Zwaan            231.4639 [225.0001; 237.9277]
KA_Gibert           220.1712 [215.6695; 224.6730]
KA_Hoedjes          234.8578 [229.6848; 240.0308]
KA_Schmidt          223.6224 [208.1538; 239.0910]
KA_StamenkovicRadak 237.8820 [221.9269; 253.8371]
KA_Zwaan            223.0259 [216.4197; 229.6321]
KA_Gibert           218.2212 [213.5556; 222.8869]
KA_Hoedjes          232.5198 [226.8135; 238.2261]
KA_Schmidt          224.0934 [210.3548; 237.8320]
KA_StamenkovicRadak 246.7740 [230.7308; 262.8173]
KA_Zwaan            234.7039 [228.2517; 241.1561]
KA_Gibert           223.8472 [219.2407; 228.4537]
KA_Hoedjes          239.3358 [233.8279; 244.8437]
KA_Schmidt          250.7184 [237.7233; 263.7135]
KA_StamenkovicRadak 241.4890 [225.2951; 257.6829]
KA_Zwaan            230.5839 [224.0526; 237.1151]
KA_Gibert           228.3542 [223.7555; 232.9530]
KA_Hoedjes          240.1488 [234.5756; 245.7220]
KA_Schmidt          209.1654 [195.1008; 223.2299]
KA_StamenkovicRadak 237.2280 [221.3397; 253.1163]
KA_Zwaan            221.9599 [216.1817; 227.7381]
KA_Gibert           225.8322 [221.1337; 230.5308]
KA_Hoedjes          234.6928 [229.2964; 240.0892]
KA_Schmidt          241.8734 [228.6624; 255.0844]
KA_StamenkovicRadak 221.2140 [204.8491; 237.5789]
KA_Zwaan            223.6189 [217.2254; 230.0123]
KA_Gibert           222.3582 [217.3079; 227.4086]
KA_Hoedjes          235.6808 [230.0066; 241.3549]
KA_Schmidt          207.2984 [193.2338; 221.3629]
KA_StamenkovicRadak 249.4260 [233.5605; 265.2916]
KA_Zwaan            234.6509 [228.2051; 241.0967]
KA_Gibert           230.8492 [226.1287; 235.5698]
KA_Hoedjes          235.9118 [230.6128; 241.2108]
KA_Schmidt          222.0664 [206.5978; 237.5350]
KA_StamenkovicRadak 228.2510 [212.3822; 244.1198]
KA_Zwaan            229.3379 [222.8171; 235.8587]
KA_Gibert           227.9122 [223.4059; 232.4186]
KA_Hoedjes          237.6418 [232.7134; 242.5701]
KA_Schmidt          221.0194 [207.2808; 234.7580]
KA_StamenkovicRadak 268.1590 [252.0504; 284.2677]
KA_Zwaan            229.8809 [223.5367; 236.2251]
KA_Gibert           229.5692 [225.0629; 234.0756]
KA_Hoedjes          237.0338 [231.8118; 242.2557]
KA_Schmidt          215.0874 [198.0264; 232.1483]
KA_StamenkovicRadak 233.1230 [217.1647; 249.0814]
KA_Zwaan            216.2989 [209.5817; 223.0160]
KA_Gibert           221.3542 [216.2958; 226.4127]
KA_Hoedjes          232.2008 [226.5063; 237.8952]
KA_Schmidt          214.8054 [199.3368; 230.2740]
KA_StamenkovicRadak 241.0150 [224.8376; 257.1925]
KA_Zwaan            221.3749 [214.8214; 227.9284]
KA_Gibert           230.9652 [225.7741; 236.1563]
KA_Hoedjes          240.2888 [234.9089; 245.6686]
KA_Schmidt          209.4334 [194.5238; 224.3430]
KA_StamenkovicRadak 236.4350 [220.5093; 252.3608]
KA_Zwaan            220.5019 [214.0471; 226.9567]
KA_Gibert           237.1552 [232.6916; 241.6189]
KA_Hoedjes          233.4108 [228.2897; 238.5318]
KA_Schmidt          210.2414 [196.7844; 223.6984]
KA_StamenkovicRadak 228.9470 [212.7794; 245.1147]
KA_Zwaan            222.1809 [215.5295; 228.8323]
KA_Gibert           232.5582 [227.9175; 237.1989]
KA_Hoedjes          234.2778 [228.9656; 239.5899]
KA_Schmidt          209.9264 [196.4694; 223.3834]
KA_StamenkovicRadak 216.2850 [199.9794; 232.5906]
KA_Zwaan            225.3619 [218.1984; 232.5254]
KA_Gibert           230.2982 [225.7010; 234.8954]
KA_Hoedjes          238.5468 [233.3363; 243.7573]
KA_Schmidt          235.7794 [222.9751; 248.5836]
KA_StamenkovicRadak 230.2010 [214.1316; 246.2704]
KA_Zwaan            227.2269 [220.6865; 233.7673]
VA_Gibert           234.2322 [229.1005; 239.3639]
VA_Hoedjes          244.0221 [238.5896; 249.4547]
VA_Schmidt          214.4775 [198.9406; 230.0144]
VA_StamenkovicRadak 256.1861 [239.8343; 272.5380]
VA_Zwaan            225.2343 [219.3257; 231.1429]
VA_Gibert           234.3182 [228.7473; 239.8892]
VA_Hoedjes          243.4751 [238.2551; 248.6952]
VA_Schmidt          325.3075 [311.4920; 339.1230]
VA_StamenkovicRadak 243.5301 [227.5638; 259.4964]
VA_Zwaan            224.8523 [217.6339; 232.0707]
VA_Gibert           226.6302 [221.6433; 231.6172]
VA_Hoedjes          231.3061 [225.5666; 237.0457]
VA_Schmidt          228.4805 [212.9436; 244.0174]
VA_Zwaan            220.1113 [213.1049; 227.1177]
VA_Gibert           227.4252 [222.8352; 232.0152]
VA_Hoedjes          237.8961 [232.6040; 243.1883]
VA_Schmidt          259.1675 [239.1490; 279.1860]
VA_StamenkovicRadak 256.2691 [240.0463; 272.4920]
VA_Zwaan            223.5793 [217.0570; 230.1016]
VA_Gibert           226.0982 [221.3475; 230.8490]
VA_Hoedjes          242.8291 [237.2497; 248.4085]
VA_Schmidt          255.9355 [235.9170; 275.9540]
VA_StamenkovicRadak 278.3351 [262.1790; 294.4912]
VA_Zwaan            222.9213 [216.4519; 229.3907]
VA_Gibert           232.5442 [227.5136; 237.5749]
VA_Hoedjes          230.5701 [225.2533; 235.8869]
VA_Schmidt          235.8305 [222.0150; 249.6460]
VA_StamenkovicRadak 247.1211 [230.8803; 263.3619]
VA_Zwaan            227.6703 [220.8332; 234.5075]
VA_Gibert           226.9522 [222.2862; 231.6183]
VA_Hoedjes          235.1171 [229.4688; 240.7654]
VA_Schmidt          236.2995 [220.0691; 252.5298]
VA_StamenkovicRadak 258.1681 [242.0916; 274.2446]
VA_Zwaan            234.9963 [227.8311; 242.1615]
VA_Gibert           228.5062 [223.9440; 233.0684]
VA_Hoedjes          236.3611 [231.0443; 241.6779]
VA_Schmidt          248.5665 [235.8494; 261.2835]
VA_StamenkovicRadak 254.9921 [238.9821; 271.0021]
VA_Zwaan            236.0703 [229.5155; 242.6251]
VA_Gibert           221.2862 [216.6186; 225.9538]
VA_Hoedjes          237.7141 [232.4253; 243.0030]
VA_Schmidt          240.7375 [226.2144; 255.2605]
VA_StamenkovicRadak 264.1851 [247.7564; 280.6139]
VA_Zwaan            235.1283 [228.2623; 241.9943]
VA_Gibert           220.4822 [216.5743; 224.3901]
VA_Hoedjes          235.6721 [230.5237; 240.8206]
VA_Schmidt          309.8755 [292.7526; 326.9984]
VA_StamenkovicRadak 277.3611 [261.1334; 293.5889]
VA_Zwaan            223.2463 [216.8973; 229.5953]
VA_Gibert           229.4612 [224.8139; 234.1086]
VA_Hoedjes          235.0281 [229.6139; 240.4424]
VA_Schmidt          223.1185 [208.9788; 237.2581]
VA_StamenkovicRadak 249.8651 [233.7903; 265.9400]
VA_Zwaan            232.2913 [225.8513; 238.7313]
VA_Gibert           233.2032 [228.5621; 237.8444]
VA_Hoedjes          231.6581 [226.1524; 237.1639]
VA_Schmidt          235.8875 [223.3232; 248.4517]
VA_StamenkovicRadak 262.4911 [245.8009; 279.1813]
VA_Zwaan            228.6563 [220.5432; 236.7695]
VA_Gibert           223.7382 [219.0722; 228.4043]
VA_Hoedjes          229.3401 [223.9920; 234.6882]
VA_Schmidt          302.2655 [282.2470; 322.2840]
VA_StamenkovicRadak 252.2671 [236.0866; 268.4476]
VA_Zwaan            226.6373 [220.2024; 233.0722]
VA_Gibert           232.9362 [228.4521; 237.4204]
VA_Hoedjes          233.7661 [228.7291; 238.8032]
VA_Schmidt          220.3445 [207.4578; 233.2311]
VA_StamenkovicRadak 281.9321 [265.9075; 297.9567]
VA_Zwaan            225.7073 [218.8702; 232.5445]
VA_Gibert           227.9832 [223.0703; 232.8961]
VA_Hoedjes          237.3181 [231.9155; 242.7208]
VA_Schmidt          252.6175 [238.4778; 266.7571]
VA_StamenkovicRadak 247.0311 [230.9351; 263.1271]
VA_Zwaan            231.0683 [224.3492; 237.7874]
VA_Gibert           227.2492 [221.4828; 233.0156]
VA_Hoedjes          232.4941 [227.4281; 237.5601]
VA_StamenkovicRadak 250.6121 [234.6005; 266.6238]
VA_Zwaan            232.5373 [226.1757; 238.8989]
VA_Gibert           230.0642 [225.5297; 234.5988]
VA_Hoedjes          239.2141 [233.9695; 244.4587]
VA_Schmidt          259.1675 [239.1490; 279.1860]
VA_StamenkovicRadak 277.5251 [261.3593; 293.6910]
VA_Zwaan            233.6333 [227.1136; 240.1530]
VA_Gibert           229.0472 [223.8516; 234.2429]
VA_Hoedjes          236.4441 [230.1041; 242.7842]
VA_Schmidt          230.9365 [214.7061; 247.1668]
VA_StamenkovicRadak 269.0361 [252.5418; 285.5305]
VA_Zwaan            222.4783 [215.6712; 229.2854]
VA_Gibert           225.3052 [220.3505; 230.2599]
VA_Hoedjes          232.6381 [227.3722; 237.9040]
VA_Schmidt          243.6555 [229.5158; 257.7951]
VA_StamenkovicRadak 248.9381 [233.0284; 264.8479]
VA_Zwaan            227.3743 [220.5713; 234.1773]
VA_Gibert           230.2022 [225.5735; 234.8309]
VA_Hoedjes          233.6581 [228.6452; 238.6711]
VA_Schmidt          228.2525 [215.1761; 241.3288]
VA_StamenkovicRadak 252.4521 [236.1575; 268.7468]
VA_Zwaan            221.5923 [215.0648; 228.1198]
AK_Gibert           216.1315 [211.4255; 220.8374]
AK_Grath            312.8132 [306.2957; 319.3307]
AK_Hoedjes          234.5073 [228.9012; 240.1134]
AK_Schmidt          235.0301 [223.0172; 247.0429]
AK_StamenkovicRadak 239.0272 [222.8695; 255.1848]
AK_Zwaan            219.3118 [213.2507; 225.3729]
AK_Gibert           227.5975 [222.9421; 232.2529]
AK_Hoedjes          233.4003 [228.2885; 238.5120]
AK_Schmidt          226.3741 [212.4850; 240.2631]
AK_StamenkovicRadak 259.2612 [243.2872; 275.2352]
AK_Zwaan            225.8078 [219.3978; 232.2177]
AK_Gibert           228.8665 [224.2332; 233.4998]
AK_Hoedjes          238.7193 [233.5327; 243.9058]
AK_Schmidt          242.2231 [228.6642; 255.7819]
AK_StamenkovicRadak 240.5652 [224.6381; 256.4922]
AK_Zwaan            224.8658 [218.2770; 231.4545]
AK_Gibert           223.5265 [219.6651; 227.3879]
AK_Grath            315.7992 [309.1543; 322.4442]
AK_Hoedjes          234.5743 [229.2861; 239.8624]
AK_Schmidt          214.1631 [201.5519; 226.7742]
AK_StamenkovicRadak 247.8662 [231.8905; 263.8418]
AK_Zwaan            223.3668 [216.8552; 229.8783]
AK_Gibert           229.7985 [225.2496; 234.3474]
AK_Hoedjes          243.2733 [238.1729; 248.3737]
AK_Schmidt          225.2231 [209.9139; 240.5322]
AK_Zwaan            233.2178 [226.5920; 239.8436]
AK_Gibert           233.8255 [229.4442; 238.2068]
AK_Grath            313.5562 [307.1256; 319.9869]
AK_Hoedjes          244.6273 [239.4635; 249.7910]
AK_Schmidt          218.6551 [203.9109; 233.3992]
AK_Zwaan            222.8998 [216.2819; 229.5176]
AK_Gibert           223.4505 [218.9327; 227.9683]
AK_Grath            320.7002 [313.7364; 327.6640]
AK_Hoedjes          242.8293 [237.5115; 248.1471]
AK_Schmidt          255.8431 [241.0989; 270.5872]
AK_StamenkovicRadak 232.1352 [216.0085; 248.2619]
AK_Zwaan            223.5478 [216.9113; 230.1842]
AK_Gibert           225.4335 [220.9265; 229.9405]
AK_Hoedjes          237.2813 [232.3845; 242.1780]
AK_Schmidt          209.6881 [196.8831; 222.4930]
AK_StamenkovicRadak 232.6132 [216.7363; 248.4901]
AK_Zwaan            223.7058 [217.2369; 230.1746]
AK_Gibert           224.2235 [219.5191; 228.9279]
AK_Grath            323.7342 [317.1231; 330.3453]
AK_Hoedjes          232.5173 [227.2011; 237.8334]
AK_Schmidt          228.2971 [213.5529; 243.0412]
AK_StamenkovicRadak 234.4912 [218.5091; 250.4733]
AK_Zwaan            222.4048 [215.7803; 229.0292]
AK_Gibert           231.9315 [226.8868; 236.9762]
AK_Hoedjes          244.5413 [239.0492; 250.0334]
AK_Schmidt          228.6151 [214.7260; 242.5041]
AK_StamenkovicRadak 241.8712 [225.4848; 258.2576]
AK_Zwaan            226.7298 [220.1199; 233.3397]
AK_StamenkovicRadak 255.9102 [239.7819; 272.0385]
AK_Gibert           222.3225 [217.6986; 226.9464]
AK_Hoedjes          230.6653 [225.5211; 235.8095]
AK_Schmidt          214.5121 [202.0742; 226.9499]
AK_StamenkovicRadak 236.1362 [220.2302; 252.0422]
AK_Zwaan            221.3818 [215.3055; 227.4580]
AK_Gibert           229.2935 [224.7942; 233.7928]
AK_Hoedjes          236.8503 [231.3949; 242.3057]
AK_Schmidt          213.2411 [200.9595; 225.5226]
AK_StamenkovicRadak 236.7762 [220.7600; 252.7923]
AK_Zwaan            241.2618 [234.1121; 248.4115]
AK_Gibert           230.1435 [225.5946; 234.6924]
AK_Grath            315.9012 [308.8903; 322.9122]
AK_Hoedjes          245.3343 [240.1803; 250.4882]
AK_Schmidt          256.9891 [240.9766; 273.0015]
AK_StamenkovicRadak 252.8542 [236.9562; 268.7521]
AK_Zwaan            225.7278 [218.6919; 232.7636]
AK_Gibert           223.7765 [218.8816; 228.6714]
AK_Hoedjes          240.0673 [234.5334; 245.6012]
AK_Schmidt          227.7521 [210.8355; 244.6686]
AK_StamenkovicRadak 244.3682 [228.1225; 260.6139]
AK_Zwaan            223.4048 [216.9333; 229.8762]
AK_Gibert           224.0345 [219.4137; 228.6553]
AK_Grath            316.1672 [309.4126; 322.9218]
AK_Hoedjes          237.8893 [232.5434; 243.2351]
AK_Schmidt          217.0391 [203.1500; 230.9281]
AK_StamenkovicRadak 235.7842 [219.5221; 252.0462]
AK_Zwaan            224.5348 [217.8032; 231.2664]
AK_Gibert           227.9665 [223.1825; 232.7505]
AK_Hoedjes          239.0603 [233.8982; 244.2224]
AK_Schmidt          209.5711 [195.6820; 223.4601]
AK_StamenkovicRadak 242.9692 [226.6155; 259.3228]
AK_Zwaan            226.1848 [219.5043; 232.8652]
AK_Gibert           229.0185 [224.3568; 233.6802]
AK_Grath            318.9422 [311.5991; 326.2854]
AK_Hoedjes          245.4583 [239.9996; 250.9170]
AK_Schmidt          215.5261 [203.3856; 227.6665]
AK_StamenkovicRadak 241.0762 [224.8696; 257.2827]
AK_Zwaan            226.2498 [219.7758; 232.7238]
AK_Gibert           223.3805 [218.5485; 228.2125]
AK_Hoedjes          232.5643 [227.2366; 237.8920]
AK_Schmidt          215.7671 [195.9248; 235.6093]
AK_StamenkovicRadak 248.2682 [232.2974; 264.2389]
AK_Zwaan            221.2038 [214.7362; 227.6713]
AK_Gibert           231.2465 [226.8149; 235.6781]
AK_Grath            320.4432 [313.5672; 327.3192]
AK_Hoedjes          240.5043 [235.4636; 245.5449]
AK_Schmidt          234.7011 [221.8961; 247.5060]
AK_StamenkovicRadak 250.8492 [234.7518; 266.9466]
AK_Zwaan            225.9688 [219.1501; 232.7875]
AK_Gibert           224.3425 [219.7562; 228.9288]
AK_Grath            317.6172 [310.8238; 324.4106]
AK_Hoedjes          239.0423 [233.3484; 244.7361]
AK_Schmidt          231.0511 [216.3069; 245.7952]
AK_StamenkovicRadak 238.8212 [222.9135; 254.7288]
AK_Zwaan            232.9398 [226.3812; 239.4983]
                    %W(random) Line
YE_Gibert                  0.1 YE11
YE_Hoedjes                 0.1 YE11
YE_Schmidt                 0.1 YE11
YE_StamenkovicRadak        0.1 YE11
YE_Zwaan                   0.1 YE11
YE_Gibert                  0.1 YE13
YE_Hoedjes                 0.1 YE13
YE_Schmidt                 0.1 YE13
YE_StamenkovicRadak        0.1 YE13
YE_Zwaan                   0.1 YE13
YE_Gibert                  0.1 YE14
YE_Hoedjes                 0.1 YE14
YE_Schmidt                 0.1 YE14
YE_StamenkovicRadak        0.1 YE14
YE_Zwaan                   0.1 YE14
YE_Gibert                  0.1 YE15
YE_Hoedjes                 0.1 YE15
YE_Schmidt                 0.1 YE15
YE_StamenkovicRadak        0.1 YE15
YE_Zwaan                   0.1 YE15
YE_Gibert                  0.1 YE19
YE_Hoedjes                 0.1 YE19
YE_Schmidt                 0.1 YE19
YE_StamenkovicRadak        0.1 YE19
YE_Zwaan                   0.1 YE19
YE_Gibert                  0.1 YE20
YE_Hoedjes                 0.1 YE20
YE_Schmidt                 0.1 YE20
YE_StamenkovicRadak        0.1 YE20
YE_Zwaan                   0.1 YE20
YE_Gibert                  0.1 YE21
YE_Hoedjes                 0.1 YE21
YE_Schmidt                 0.1 YE21
YE_StamenkovicRadak        0.1 YE21
YE_Zwaan                   0.1 YE21
YE_Gibert                  0.1 YE22
YE_Hoedjes                 0.1 YE22
YE_Schmidt                 0.1 YE22
YE_StamenkovicRadak        0.1 YE22
YE_Zwaan                   0.1 YE22
YE_Gibert                  0.1 YE23
YE_Hoedjes                 0.1 YE23
YE_Schmidt                 0.1 YE23
YE_StamenkovicRadak        0.1 YE23
YE_Zwaan                   0.1 YE23
YE_Gibert                  0.1 YE24
YE_Hoedjes                 0.1 YE24
YE_Schmidt                 0.1 YE24
YE_StamenkovicRadak        0.1 YE24
YE_Zwaan                   0.1 YE24
YE_Gibert                  0.1 YE26
YE_Hoedjes                 0.1 YE26
YE_Schmidt                 0.1 YE26
YE_StamenkovicRadak        0.1 YE26
YE_Zwaan                   0.1 YE26
YE_Gibert                  0.1 YE27
YE_Hoedjes                 0.1 YE27
YE_Schmidt                 0.1 YE27
YE_StamenkovicRadak        0.1 YE27
YE_Zwaan                   0.1 YE27
YE_Gibert                  0.1 YE33
YE_Hoedjes                 0.1 YE33
YE_Schmidt                 0.1 YE33
YE_StamenkovicRadak        0.1 YE33
YE_Zwaan                   0.1 YE33
YE_Gibert                  0.1 YE40
YE_Hoedjes                 0.1 YE40
YE_Schmidt                 0.1 YE40
YE_StamenkovicRadak        0.1 YE40
YE_Zwaan                   0.1 YE40
YE_Gibert                  0.1 YE41
YE_Hoedjes                 0.1 YE41
YE_Schmidt                 0.1 YE41
YE_StamenkovicRadak        0.1 YE41
YE_Zwaan                   0.1 YE41
YE_Gibert                  0.1 YE48
YE_Hoedjes                 0.1 YE48
YE_Schmidt                 0.1 YE48
YE_StamenkovicRadak        0.1 YE48
YE_Zwaan                   0.1 YE48
YE_Gibert                  0.1 YE49
YE_Hoedjes                 0.1 YE49
YE_Schmidt                 0.1 YE49
YE_StamenkovicRadak        0.1 YE49
YE_Zwaan                   0.1 YE49
YE_Gibert                  0.1 YE51
YE_Hoedjes                 0.1 YE51
YE_Schmidt                 0.1 YE51
YE_StamenkovicRadak        0.1 YE51
YE_Zwaan                   0.1 YE51
YE_Gibert                  0.1 YE69
YE_Hoedjes                 0.1 YE69
YE_Schmidt                 0.1 YE69
YE_StamenkovicRadak        0.1 YE69
YE_Zwaan                   0.1 YE69
YE_Gibert                  0.1 YE80
YE_Hoedjes                 0.1 YE80
YE_Schmidt                 0.1 YE80
YE_StamenkovicRadak        0.1 YE80
YE_Zwaan                   0.1 YE80
RE_Gibert                  0.1  RE1
RE_StamenkovicRadak        0.1  RE1
RE_Zwaan                   0.1  RE1
RE_Gibert                  0.1 RE10
RE_Hoedjes                 0.1 RE10
RE_Schmidt                 0.1 RE10
RE_StamenkovicRadak        0.1 RE10
RE_Zwaan                   0.1 RE10
RE_Gibert                  0.1 RE11
RE_Hoedjes                 0.1 RE11
RE_Schmidt                 0.1 RE11
RE_StamenkovicRadak        0.1 RE11
RE_Zwaan                   0.1 RE11
RE_Gibert                  0.1 RE12
RE_Hoedjes                 0.1 RE12
RE_Schmidt                 0.1 RE12
RE_StamenkovicRadak        0.1 RE12
RE_Zwaan                   0.1 RE12
RE_Gibert                  0.1 RE13
RE_Hoedjes                 0.1 RE13
RE_Schmidt                 0.1 RE13
RE_StamenkovicRadak        0.1 RE13
RE_Zwaan                   0.1 RE13
RE_Gibert                  0.1 RE15
RE_Hoedjes                 0.1 RE15
RE_Schmidt                 0.1 RE15
RE_StamenkovicRadak        0.1 RE15
RE_Zwaan                   0.1 RE15
RE_Gibert                  0.1 RE16
RE_Hoedjes                 0.1 RE16
RE_Schmidt                 0.1 RE16
RE_StamenkovicRadak        0.1 RE16
RE_Zwaan                   0.1 RE16
RE_Gibert                  0.1 RE17
RE_Hoedjes                 0.1 RE17
RE_Schmidt                 0.1 RE17
RE_StamenkovicRadak        0.1 RE17
RE_Zwaan                   0.1 RE17
RE_Gibert                  0.1 RE18
RE_Hoedjes                 0.1 RE18
RE_Schmidt                 0.1 RE18
RE_StamenkovicRadak        0.1 RE18
RE_Zwaan                   0.1 RE18
RE_Gibert                  0.1  RE2
RE_Hoedjes                 0.1  RE2
RE_Schmidt                 0.1  RE2
RE_StamenkovicRadak        0.1  RE2
RE_Zwaan                   0.1  RE2
RE_Gibert                  0.1  RE3
RE_Grath                   0.1  RE3
RE_Hoedjes                 0.1  RE3
RE_Schmidt                 0.1  RE3
RE_StamenkovicRadak        0.1  RE3
RE_Zwaan                   0.1  RE3
RE_Gibert                  0.1  RE4
RE_Hoedjes                 0.1  RE4
RE_Schmidt                 0.1  RE4
RE_StamenkovicRadak        0.1  RE4
RE_Zwaan                   0.1  RE4
RE_Gibert                  0.1  RE5
RE_Hoedjes                 0.1  RE5
RE_Schmidt                 0.1  RE5
RE_StamenkovicRadak        0.1  RE5
RE_Zwaan                   0.1  RE5
RE_Gibert                  0.1  RE6
RE_Hoedjes                 0.1  RE6
RE_Schmidt                 0.1  RE6
RE_StamenkovicRadak        0.1  RE6
RE_Zwaan                   0.1  RE6
RE_Gibert                  0.1  RE7
RE_Grath                   0.1  RE7
RE_Hoedjes                 0.1  RE7
RE_Schmidt                 0.1  RE7
RE_StamenkovicRadak        0.1  RE7
RE_Zwaan                   0.1  RE7
RE_Gibert                  0.1  RE8
RE_Grath                   0.1  RE8
RE_Hoedjes                 0.1  RE8
RE_Schmidt                 0.1  RE8
RE_StamenkovicRadak        0.1  RE8
RE_Zwaan                   0.1  RE8
GI_Gibert                  0.1  GI1
GI_Hoedjes                 0.1  GI1
GI_Schmidt                 0.1  GI1
GI_StamenkovicRadak        0.1  GI1
GI_Zwaan                   0.1  GI1
GI_Gibert                  0.1 GI10
GI_Hoedjes                 0.1 GI10
GI_Schmidt                 0.1 GI10
GI_StamenkovicRadak        0.1 GI10
GI_Zwaan                   0.1 GI10
GI_Gibert                  0.1 GI11
GI_Hoedjes                 0.1 GI11
GI_Schmidt                 0.1 GI11
GI_StamenkovicRadak        0.1 GI11
GI_Zwaan                   0.1 GI11
GI_Gibert                  0.1 GI12
GI_Hoedjes                 0.1 GI12
GI_Schmidt                 0.1 GI12
GI_StamenkovicRadak        0.1 GI12
GI_Zwaan                   0.1 GI12
GI_Gibert                  0.1 GI13
GI_Hoedjes                 0.1 GI13
GI_Schmidt                 0.1 GI13
GI_Zwaan                   0.1 GI13
GI_Gibert                  0.1 GI14
GI_Hoedjes                 0.1 GI14
GI_Schmidt                 0.1 GI14
GI_StamenkovicRadak        0.1 GI14
GI_Zwaan                   0.1 GI14
GI_Gibert                  0.1 GI15
GI_Hoedjes                 0.1 GI15
GI_Schmidt                 0.1 GI15
GI_Zwaan                   0.1 GI15
GI_Gibert                  0.1  GI2
GI_Hoedjes                 0.1  GI2
GI_Schmidt                 0.1  GI2
GI_StamenkovicRadak        0.1  GI2
GI_Zwaan                   0.1  GI2
GI_Gibert                  0.1  GI3
GI_Hoedjes                 0.1  GI3
GI_StamenkovicRadak        0.1  GI3
GI_Zwaan                   0.1  GI3
GI_Gibert                  0.1  GI4
GI_Hoedjes                 0.1  GI4
GI_StamenkovicRadak        0.1  GI4
GI_Zwaan                   0.1  GI4
GI_Gibert                  0.1  GI5
GI_Hoedjes                 0.1  GI5
GI_Schmidt                 0.1  GI5
GI_StamenkovicRadak        0.1  GI5
GI_Zwaan                   0.1  GI5
GI_Gibert                  0.1  GI6
GI_Hoedjes                 0.1  GI6
GI_StamenkovicRadak        0.1  GI6
GI_Zwaan                   0.1  GI6
GI_Gibert                  0.1  GI7
GI_Hoedjes                 0.1  GI7
GI_StamenkovicRadak        0.1  GI7
GI_Zwaan                   0.1  GI7
GI_Gibert                  0.1  GI8
GI_Hoedjes                 0.1  GI8
GI_Schmidt                 0.1  GI8
GI_StamenkovicRadak        0.1  GI8
GI_Zwaan                   0.1  GI8
GI_Gibert                  0.1  GI9
GI_Hoedjes                 0.1  GI9
GI_Schmidt                 0.1  GI9
GI_StamenkovicRadak        0.1  GI9
GI_Zwaan                   0.1  GI9
MU_Gibert                  0.1  MU1
MU_Hoedjes                 0.1  MU1
MU_Schmidt                 0.1  MU1
MU_StamenkovicRadak        0.1  MU1
MU_Zwaan                   0.1  MU1
MU_Gibert                  0.1 MU10
MU_Grath                   0.1 MU10
MU_Hoedjes                 0.1 MU10
MU_Schmidt                 0.1 MU10
MU_StamenkovicRadak        0.1 MU10
MU_Zwaan                   0.1 MU10
MU_Gibert                  0.1 MU11
MU_Hoedjes                 0.1 MU11
MU_Schmidt                 0.1 MU11
MU_StamenkovicRadak        0.1 MU11
MU_Zwaan                   0.1 MU11
MU_Gibert                  0.1 MU12
MU_Hoedjes                 0.1 MU12
MU_Schmidt                 0.1 MU12
MU_StamenkovicRadak        0.1 MU12
MU_Zwaan                   0.1 MU12
MU_Gibert                  0.1 MU13
MU_Grath                   0.1 MU13
MU_Hoedjes                 0.1 MU13
MU_Schmidt                 0.1 MU13
MU_StamenkovicRadak        0.1 MU13
MU_Zwaan                   0.1 MU13
MU_Gibert                  0.1 MU14
MU_Grath                   0.1 MU14
MU_Hoedjes                 0.1 MU14
MU_Schmidt                 0.1 MU14
MU_StamenkovicRadak        0.1 MU14
MU_Zwaan                   0.1 MU14
MU_Gibert                  0.1 MU15
MU_Grath                   0.1 MU15
MU_Hoedjes                 0.1 MU15
MU_Schmidt                 0.1 MU15
MU_StamenkovicRadak        0.1 MU15
MU_Zwaan                   0.1 MU15
MU_Gibert                  0.1 MU16
MU_Hoedjes                 0.1 MU16
MU_Schmidt                 0.1 MU16
MU_StamenkovicRadak        0.1 MU16
MU_Zwaan                   0.1 MU16
MU_Gibert                  0.1 MU17
MU_Hoedjes                 0.1 MU17
MU_Schmidt                 0.1 MU17
MU_StamenkovicRadak        0.1 MU17
MU_Zwaan                   0.1 MU17
MU_Gibert                  0.1 MU18
MU_Hoedjes                 0.1 MU18
MU_StamenkovicRadak        0.1 MU18
MU_Zwaan                   0.1 MU18
MU_Gibert                  0.1 MU19
MU_Hoedjes                 0.1 MU19
MU_Schmidt                 0.1 MU19
MU_StamenkovicRadak        0.1 MU19
MU_Zwaan                   0.1 MU19
MU_Gibert                  0.1  MU2
MU_Hoedjes                 0.1  MU2
MU_Schmidt                 0.1  MU2
MU_StamenkovicRadak        0.1  MU2
MU_Zwaan                   0.1  MU2
MU_Gibert                  0.1 MU20
MU_Hoedjes                 0.1 MU20
MU_Schmidt                 0.1 MU20
MU_StamenkovicRadak        0.1 MU20
MU_Zwaan                   0.1 MU20
MU_Gibert                  0.1  MU3
MU_Grath                   0.1  MU3
MU_Hoedjes                 0.1  MU3
MU_Schmidt                 0.1  MU3
MU_StamenkovicRadak        0.1  MU3
MU_Zwaan                   0.1  MU3
MU_Gibert                  0.1  MU4
MU_Grath                   0.1  MU4
MU_Hoedjes                 0.1  MU4
MU_Schmidt                 0.1  MU4
MU_StamenkovicRadak        0.1  MU4
MU_Zwaan                   0.1  MU4
MU_Gibert                  0.1  MU5
MU_Grath                   0.1  MU5
MU_Hoedjes                 0.1  MU5
MU_Schmidt                 0.1  MU5
MU_StamenkovicRadak        0.1  MU5
MU_Zwaan                   0.1  MU5
MU_Gibert                  0.1  MU6
MU_Grath                   0.1  MU6
MU_Hoedjes                 0.1  MU6
MU_Schmidt                 0.1  MU6
MU_StamenkovicRadak        0.1  MU6
MU_Zwaan                   0.1  MU6
MU_Gibert                  0.1  MU7
MU_Grath                   0.1  MU7
MU_Hoedjes                 0.1  MU7
MU_Schmidt                 0.1  MU7
MU_StamenkovicRadak        0.1  MU7
MU_Zwaan                   0.1  MU7
MU_Gibert                  0.1  MU8
MU_Grath                   0.1  MU8
MU_Hoedjes                 0.1  MU8
MU_Schmidt                 0.1  MU8
MU_StamenkovicRadak        0.1  MU8
MU_Zwaan                   0.1  MU8
MU_Gibert                  0.1  MU9
MU_Hoedjes                 0.1  MU9
MU_Schmidt                 0.1  MU9
MU_StamenkovicRadak        0.1  MU9
MU_Zwaan                   0.1  MU9
MA_Gibert                  0.1 MA12
MA_Hoedjes                 0.1 MA12
MA_Schmidt                 0.1 MA12
MA_StamenkovicRadak        0.1 MA12
MA_Zwaan                   0.1 MA12
MA_Gibert                  0.1 MA13
MA_Hoedjes                 0.1 MA13
MA_Schmidt                 0.1 MA13
MA_StamenkovicRadak        0.1 MA13
MA_Zwaan                   0.1 MA13
MA_Gibert                  0.1 MA16
MA_Hoedjes                 0.1 MA16
MA_StamenkovicRadak        0.1 MA16
MA_Zwaan                   0.1 MA16
MA_Gibert                  0.1 MA18
MA_Hoedjes                 0.1 MA18
MA_Schmidt                 0.1 MA18
MA_StamenkovicRadak        0.1 MA18
MA_Zwaan                   0.1 MA18
MA_Gibert                  0.1 MA19
MA_Hoedjes                 0.1 MA19
MA_Schmidt                 0.1 MA19
MA_StamenkovicRadak        0.1 MA19
MA_Zwaan                   0.1 MA19
MA_Gibert                  0.1 MA20
MA_Hoedjes                 0.1 MA20
MA_Schmidt                 0.1 MA20
MA_StamenkovicRadak        0.1 MA20
MA_Zwaan                   0.1 MA20
MA_Gibert                  0.1 MA21
MA_Hoedjes                 0.1 MA21
MA_Schmidt                 0.1 MA21
MA_StamenkovicRadak        0.1 MA21
MA_Zwaan                   0.1 MA21
MA_Gibert                  0.1 MA23
MA_Hoedjes                 0.1 MA23
MA_Schmidt                 0.1 MA23
MA_StamenkovicRadak        0.1 MA23
MA_Zwaan                   0.1 MA23
MA_Gibert                  0.1 MA26
MA_Hoedjes                 0.1 MA26
MA_Schmidt                 0.1 MA26
MA_StamenkovicRadak        0.1 MA26
MA_Zwaan                   0.1 MA26
MA_Gibert                  0.1 MA27
MA_Hoedjes                 0.1 MA27
MA_Schmidt                 0.1 MA27
MA_StamenkovicRadak        0.1 MA27
MA_Zwaan                   0.1 MA27
MA_Gibert                  0.1 MA28
MA_Hoedjes                 0.1 MA28
MA_Schmidt                 0.1 MA28
MA_StamenkovicRadak        0.1 MA28
MA_Zwaan                   0.1 MA28
MA_Gibert                  0.1  MA3
MA_Hoedjes                 0.1  MA3
MA_Schmidt                 0.1  MA3
MA_StamenkovicRadak        0.1  MA3
MA_Zwaan                   0.1  MA3
MA_Gibert                  0.1 MA30
MA_Hoedjes                 0.1 MA30
MA_Schmidt                 0.1 MA30
MA_StamenkovicRadak        0.1 MA30
MA_Zwaan                   0.1 MA30
MA_Gibert                  0.1 MA31
MA_Hoedjes                 0.1 MA31
MA_Schmidt                 0.1 MA31
MA_StamenkovicRadak        0.1 MA31
MA_Zwaan                   0.1 MA31
MA_Gibert                  0.1 MA32
MA_Hoedjes                 0.1 MA32
MA_Schmidt                 0.1 MA32
MA_StamenkovicRadak        0.1 MA32
MA_Zwaan                   0.1 MA32
MA_Gibert                  0.1 MA33
MA_Hoedjes                 0.1 MA33
MA_Schmidt                 0.1 MA33
MA_StamenkovicRadak        0.1 MA33
MA_Zwaan                   0.1 MA33
MA_Gibert                  0.1  MA5
MA_Hoedjes                 0.1  MA5
MA_Schmidt                 0.1  MA5
MA_StamenkovicRadak        0.1  MA5
MA_Zwaan                   0.1  MA5
MA_Gibert                  0.1  MA6
MA_Hoedjes                 0.1  MA6
MA_Schmidt                 0.1  MA6
MA_StamenkovicRadak        0.1  MA6
MA_Zwaan                   0.1  MA6
MA_Gibert                  0.1  MA7
MA_Hoedjes                 0.1  MA7
MA_Schmidt                 0.1  MA7
MA_StamenkovicRadak        0.1  MA7
MA_Zwaan                   0.1  MA7
MA_Gibert                  0.1  MA9
MA_Hoedjes                 0.1  MA9
MA_Schmidt                 0.1  MA9
MA_StamenkovicRadak        0.1  MA9
MA_Zwaan                   0.1  MA9
UM_Gibert                  0.1 UM13
UM_Hoedjes                 0.1 UM13
UM_Schmidt                 0.1 UM13
UM_StamenkovicRadak        0.1 UM13
UM_Zwaan                   0.1 UM13
UM_Gibert                  0.1 UM17
UM_Hoedjes                 0.1 UM17
UM_Schmidt                 0.1 UM17
UM_StamenkovicRadak        0.1 UM17
UM_Zwaan                   0.1 UM17
UM_Gibert                  0.1 UM18
UM_Hoedjes                 0.1 UM18
UM_Schmidt                 0.1 UM18
UM_StamenkovicRadak        0.1 UM18
UM_Zwaan                   0.1 UM18
UM_Gibert                  0.1  UM2
UM_Hoedjes                 0.1  UM2
UM_Schmidt                 0.1  UM2
UM_StamenkovicRadak        0.1  UM2
UM_Zwaan                   0.1  UM2
UM_Gibert                  0.1 UM20
UM_Hoedjes                 0.1 UM20
UM_Schmidt                 0.1 UM20
UM_StamenkovicRadak        0.1 UM20
UM_Zwaan                   0.1 UM20
UM_Gibert                  0.1 UM21
UM_Hoedjes                 0.1 UM21
UM_Schmidt                 0.1 UM21
UM_StamenkovicRadak        0.1 UM21
UM_Zwaan                   0.1 UM21
UM_Gibert                  0.1 UM22
UM_Schmidt                 0.1 UM22
UM_StamenkovicRadak        0.1 UM22
UM_Zwaan                   0.1 UM22
UM_Gibert                  0.1 UM23
UM_Hoedjes                 0.1 UM23
UM_Schmidt                 0.1 UM23
UM_StamenkovicRadak        0.1 UM23
UM_Zwaan                   0.1 UM23
UM_StamenkovicRadak        0.1 UM24
UM_Gibert                  0.1 UM25
UM_Hoedjes                 0.1 UM25
UM_Schmidt                 0.1 UM25
UM_StamenkovicRadak        0.1 UM25
UM_Zwaan                   0.1 UM25
UM_Gibert                  0.1 UM26
UM_Hoedjes                 0.1 UM26
UM_StamenkovicRadak        0.1 UM26
UM_Zwaan                   0.1 UM26
UM_Gibert                  0.1 UM28
UM_Hoedjes                 0.1 UM28
UM_Schmidt                 0.1 UM28
UM_StamenkovicRadak        0.1 UM28
UM_Zwaan                   0.1 UM28
UM_Gibert                  0.1 UM29
UM_Hoedjes                 0.1 UM29
UM_Schmidt                 0.1 UM29
UM_StamenkovicRadak        0.1 UM29
UM_Zwaan                   0.1 UM29
UM_Gibert                  0.1  UM4
UM_Hoedjes                 0.1  UM4
UM_Schmidt                 0.1  UM4
UM_StamenkovicRadak        0.1  UM4
UM_Zwaan                   0.1  UM4
UM_Gibert                  0.1  UM5
UM_Hoedjes                 0.1  UM5
UM_Schmidt                 0.1  UM5
UM_StamenkovicRadak        0.1  UM5
UM_Zwaan                   0.1  UM5
UM_Gibert                  0.1  UM6
UM_Hoedjes                 0.1  UM6
UM_StamenkovicRadak        0.1  UM6
UM_Zwaan                   0.1  UM6
UM_Gibert                  0.1  UM7
UM_Hoedjes                 0.1  UM7
UM_Schmidt                 0.1  UM7
UM_StamenkovicRadak        0.1  UM7
UM_Zwaan                   0.1  UM7
UM_Gibert                  0.1  UM8
UM_Hoedjes                 0.1  UM8
UM_Zwaan                   0.1  UM8
UM_Gibert                  0.1  UM9
UM_Hoedjes                 0.1  UM9
UM_Schmidt                 0.1  UM9
UM_StamenkovicRadak        0.1  UM9
UM_Zwaan                   0.1  UM9
KA_Gibert                  0.1  KA1
KA_Hoedjes                 0.1  KA1
KA_Schmidt                 0.1  KA1
KA_StamenkovicRadak        0.1  KA1
KA_Zwaan                   0.1  KA1
KA_Gibert                  0.1 KA10
KA_Hoedjes                 0.1 KA10
KA_Schmidt                 0.1 KA10
KA_StamenkovicRadak        0.1 KA10
KA_Zwaan                   0.1 KA10
KA_Gibert                  0.1 KA11
KA_Hoedjes                 0.1 KA11
KA_Schmidt                 0.1 KA11
KA_StamenkovicRadak        0.1 KA11
KA_Zwaan                   0.1 KA11
KA_Gibert                  0.1 KA13
KA_Hoedjes                 0.1 KA13
KA_Schmidt                 0.1 KA13
KA_StamenkovicRadak        0.1 KA13
KA_Zwaan                   0.1 KA13
KA_Gibert                  0.1 KA14
KA_Hoedjes                 0.1 KA14
KA_StamenkovicRadak        0.1 KA14
KA_Zwaan                   0.1 KA14
KA_Gibert                  0.1 KA15
KA_Hoedjes                 0.1 KA15
KA_Schmidt                 0.1 KA15
KA_StamenkovicRadak        0.1 KA15
KA_Zwaan                   0.1 KA15
KA_Gibert                  0.1 KA16
KA_Hoedjes                 0.1 KA16
KA_Schmidt                 0.1 KA16
KA_StamenkovicRadak        0.1 KA16
KA_Zwaan                   0.1 KA16
KA_Gibert                  0.1 KA17
KA_Hoedjes                 0.1 KA17
KA_Schmidt                 0.1 KA17
KA_StamenkovicRadak        0.1 KA17
KA_Zwaan                   0.1 KA17
KA_Gibert                  0.1 KA18
KA_Hoedjes                 0.1 KA18
KA_Schmidt                 0.1 KA18
KA_StamenkovicRadak        0.1 KA18
KA_Zwaan                   0.1 KA18
KA_Gibert                  0.1  KA2
KA_Hoedjes                 0.1  KA2
KA_Schmidt                 0.1  KA2
KA_StamenkovicRadak        0.1  KA2
KA_Zwaan                   0.1  KA2
KA_Gibert                  0.1 KA23
KA_Hoedjes                 0.1 KA23
KA_Schmidt                 0.1 KA23
KA_StamenkovicRadak        0.1 KA23
KA_Zwaan                   0.1 KA23
KA_Gibert                  0.1 KA24
KA_Hoedjes                 0.1 KA24
KA_Schmidt                 0.1 KA24
KA_StamenkovicRadak        0.1 KA24
KA_Zwaan                   0.1 KA24
KA_Gibert                  0.1 KA25
KA_Hoedjes                 0.1 KA25
KA_Schmidt                 0.1 KA25
KA_StamenkovicRadak        0.1 KA25
KA_Zwaan                   0.1 KA25
KA_Gibert                  0.1 KA28
KA_Hoedjes                 0.1 KA28
KA_Schmidt                 0.1 KA28
KA_StamenkovicRadak        0.1 KA28
KA_Zwaan                   0.1 KA28
KA_Gibert                  0.1 KA29
KA_Hoedjes                 0.1 KA29
KA_Schmidt                 0.1 KA29
KA_StamenkovicRadak        0.1 KA29
KA_Zwaan                   0.1 KA29
KA_Gibert                  0.1  KA3
KA_Hoedjes                 0.1  KA3
KA_Schmidt                 0.1  KA3
KA_StamenkovicRadak        0.1  KA3
KA_Zwaan                   0.1  KA3
KA_Gibert                  0.1  KA5
KA_Hoedjes                 0.1  KA5
KA_Schmidt                 0.1  KA5
KA_StamenkovicRadak        0.1  KA5
KA_Zwaan                   0.1  KA5
KA_Gibert                  0.1  KA6
KA_Hoedjes                 0.1  KA6
KA_Schmidt                 0.1  KA6
KA_StamenkovicRadak        0.1  KA6
KA_Zwaan                   0.1  KA6
KA_Gibert                  0.1  KA7
KA_Hoedjes                 0.1  KA7
KA_Schmidt                 0.1  KA7
KA_StamenkovicRadak        0.1  KA7
KA_Zwaan                   0.1  KA7
KA_Gibert                  0.1  KA9
KA_Hoedjes                 0.1  KA9
KA_Schmidt                 0.1  KA9
KA_StamenkovicRadak        0.1  KA9
KA_Zwaan                   0.1  KA9
VA_Gibert                  0.1  VA1
VA_Hoedjes                 0.1  VA1
VA_Schmidt                 0.1  VA1
VA_StamenkovicRadak        0.1  VA1
VA_Zwaan                   0.1  VA1
VA_Gibert                  0.1 VA11
VA_Hoedjes                 0.1 VA11
VA_Schmidt                 0.1 VA11
VA_StamenkovicRadak        0.1 VA11
VA_Zwaan                   0.1 VA11
VA_Gibert                  0.1 VA15
VA_Hoedjes                 0.1 VA15
VA_Schmidt                 0.1 VA15
VA_Zwaan                   0.1 VA15
VA_Gibert                  0.1 VA18
VA_Hoedjes                 0.1 VA18
VA_Schmidt                 0.1 VA18
VA_StamenkovicRadak        0.1 VA18
VA_Zwaan                   0.1 VA18
VA_Gibert                  0.1 VA22
VA_Hoedjes                 0.1 VA22
VA_Schmidt                 0.1 VA22
VA_StamenkovicRadak        0.1 VA22
VA_Zwaan                   0.1 VA22
VA_Gibert                  0.1 VA26
VA_Hoedjes                 0.1 VA26
VA_Schmidt                 0.1 VA26
VA_StamenkovicRadak        0.1 VA26
VA_Zwaan                   0.1 VA26
VA_Gibert                  0.1 VA30
VA_Hoedjes                 0.1 VA30
VA_Schmidt                 0.1 VA30
VA_StamenkovicRadak        0.1 VA30
VA_Zwaan                   0.1 VA30
VA_Gibert                  0.1 VA34
VA_Hoedjes                 0.1 VA34
VA_Schmidt                 0.1 VA34
VA_StamenkovicRadak        0.1 VA34
VA_Zwaan                   0.1 VA34
VA_Gibert                  0.1 VA35
VA_Hoedjes                 0.1 VA35
VA_Schmidt                 0.1 VA35
VA_StamenkovicRadak        0.1 VA35
VA_Zwaan                   0.1 VA35
VA_Gibert                  0.1 VA44
VA_Hoedjes                 0.1 VA44
VA_Schmidt                 0.1 VA44
VA_StamenkovicRadak        0.1 VA44
VA_Zwaan                   0.1 VA44
VA_Gibert                  0.1 VA46
VA_Hoedjes                 0.1 VA46
VA_Schmidt                 0.1 VA46
VA_StamenkovicRadak        0.1 VA46
VA_Zwaan                   0.1 VA46
VA_Gibert                  0.1 VA47
VA_Hoedjes                 0.1 VA47
VA_Schmidt                 0.1 VA47
VA_StamenkovicRadak        0.1 VA47
VA_Zwaan                   0.1 VA47
VA_Gibert                  0.1 VA48
VA_Hoedjes                 0.1 VA48
VA_Schmidt                 0.1 VA48
VA_StamenkovicRadak        0.1 VA48
VA_Zwaan                   0.1 VA48
VA_Gibert                  0.1 VA55
VA_Hoedjes                 0.1 VA55
VA_Schmidt                 0.1 VA55
VA_StamenkovicRadak        0.1 VA55
VA_Zwaan                   0.1 VA55
VA_Gibert                  0.1 VA57
VA_Hoedjes                 0.1 VA57
VA_Schmidt                 0.1 VA57
VA_StamenkovicRadak        0.1 VA57
VA_Zwaan                   0.1 VA57
VA_Gibert                  0.1  VA6
VA_Hoedjes                 0.1  VA6
VA_StamenkovicRadak        0.1  VA6
VA_Zwaan                   0.1  VA6
VA_Gibert                  0.1 VA66
VA_Hoedjes                 0.1 VA66
VA_Schmidt                 0.1 VA66
VA_StamenkovicRadak        0.1 VA66
VA_Zwaan                   0.1 VA66
VA_Gibert                  0.1 VA67
VA_Hoedjes                 0.1 VA67
VA_Schmidt                 0.1 VA67
VA_StamenkovicRadak        0.1 VA67
VA_Zwaan                   0.1 VA67
VA_Gibert                  0.1 VA71
VA_Hoedjes                 0.1 VA71
VA_Schmidt                 0.1 VA71
VA_StamenkovicRadak        0.1 VA71
VA_Zwaan                   0.1 VA71
VA_Gibert                  0.1  VA9
VA_Hoedjes                 0.1  VA9
VA_Schmidt                 0.1  VA9
VA_StamenkovicRadak        0.1  VA9
VA_Zwaan                   0.1  VA9
AK_Gibert                  0.1  AK1
AK_Grath                   0.1  AK1
AK_Hoedjes                 0.1  AK1
AK_Schmidt                 0.1  AK1
AK_StamenkovicRadak        0.1  AK1
AK_Zwaan                   0.1  AK1
AK_Gibert                  0.1 AK10
AK_Hoedjes                 0.1 AK10
AK_Schmidt                 0.1 AK10
AK_StamenkovicRadak        0.1 AK10
AK_Zwaan                   0.1 AK10
AK_Gibert                  0.1 AK11
AK_Hoedjes                 0.1 AK11
AK_Schmidt                 0.1 AK11
AK_StamenkovicRadak        0.1 AK11
AK_Zwaan                   0.1 AK11
AK_Gibert                  0.1 AK12
AK_Grath                   0.1 AK12
AK_Hoedjes                 0.1 AK12
AK_Schmidt                 0.1 AK12
AK_StamenkovicRadak        0.1 AK12
AK_Zwaan                   0.1 AK12
AK_Gibert                  0.1 AK13
AK_Hoedjes                 0.1 AK13
AK_Schmidt                 0.1 AK13
AK_Zwaan                   0.1 AK13
AK_Gibert                  0.1 AK14
AK_Grath                   0.1 AK14
AK_Hoedjes                 0.1 AK14
AK_Schmidt                 0.1 AK14
AK_Zwaan                   0.1 AK14
AK_Gibert                  0.1 AK15
AK_Grath                   0.1 AK15
AK_Hoedjes                 0.1 AK15
AK_Schmidt                 0.1 AK15
AK_StamenkovicRadak        0.1 AK15
AK_Zwaan                   0.1 AK15
AK_Gibert                  0.1 AK16
AK_Hoedjes                 0.1 AK16
AK_Schmidt                 0.1 AK16
AK_StamenkovicRadak        0.1 AK16
AK_Zwaan                   0.1 AK16
AK_Gibert                  0.1 AK17
AK_Grath                   0.1 AK17
AK_Hoedjes                 0.1 AK17
AK_Schmidt                 0.1 AK17
AK_StamenkovicRadak        0.1 AK17
AK_Zwaan                   0.1 AK17
AK_Gibert                  0.1 AK18
AK_Hoedjes                 0.1 AK18
AK_Schmidt                 0.1 AK18
AK_StamenkovicRadak        0.1 AK18
AK_Zwaan                   0.1 AK18
AK_StamenkovicRadak        0.1 AK19
AK_Gibert                  0.1  AK2
AK_Hoedjes                 0.1  AK2
AK_Schmidt                 0.1  AK2
AK_StamenkovicRadak        0.1  AK2
AK_Zwaan                   0.1  AK2
AK_Gibert                  0.1 AK20
AK_Hoedjes                 0.1 AK20
AK_Schmidt                 0.1 AK20
AK_StamenkovicRadak        0.1 AK20
AK_Zwaan                   0.1 AK20
AK_Gibert                  0.1 AK21
AK_Grath                   0.1 AK21
AK_Hoedjes                 0.1 AK21
AK_Schmidt                 0.1 AK21
AK_StamenkovicRadak        0.1 AK21
AK_Zwaan                   0.1 AK21
AK_Gibert                  0.1  AK3
AK_Hoedjes                 0.1  AK3
AK_Schmidt                 0.1  AK3
AK_StamenkovicRadak        0.1  AK3
AK_Zwaan                   0.1  AK3
AK_Gibert                  0.1  AK4
AK_Grath                   0.1  AK4
AK_Hoedjes                 0.1  AK4
AK_Schmidt                 0.1  AK4
AK_StamenkovicRadak        0.1  AK4
AK_Zwaan                   0.1  AK4
AK_Gibert                  0.1  AK5
AK_Hoedjes                 0.1  AK5
AK_Schmidt                 0.1  AK5
AK_StamenkovicRadak        0.1  AK5
AK_Zwaan                   0.1  AK5
AK_Gibert                  0.1  AK6
AK_Grath                   0.1  AK6
AK_Hoedjes                 0.1  AK6
AK_Schmidt                 0.1  AK6
AK_StamenkovicRadak        0.1  AK6
AK_Zwaan                   0.1  AK6
AK_Gibert                  0.1  AK7
AK_Hoedjes                 0.1  AK7
AK_Schmidt                 0.1  AK7
AK_StamenkovicRadak        0.1  AK7
AK_Zwaan                   0.1  AK7
AK_Gibert                  0.1  AK8
AK_Grath                   0.1  AK8
AK_Hoedjes                 0.1  AK8
AK_Schmidt                 0.1  AK8
AK_StamenkovicRadak        0.1  AK8
AK_Zwaan                   0.1  AK8
AK_Gibert                  0.1  AK9
AK_Grath                   0.1  AK9
AK_Hoedjes                 0.1  AK9
AK_Schmidt                 0.1  AK9
AK_StamenkovicRadak        0.1  AK9
AK_Zwaan                   0.1  AK9

Number of studies combined: k = 850

                                            95%-CI
Random effects model 236.4451 [235.1535; 237.7366]
                          z p-value
Random effects model 358.81       0

Quantifying heterogeneity:
 tau^2 = 340.5046 [310.2941; 381.9982]; tau = 18.4528 [17.6152; 19.5448]
 I^2 = 95.3% [95.1%; 95.5%]; H = 4.60 [4.51; 4.69]

Test of heterogeneity:
        Q d.f. p-value
 17964.33  849       0

Results for subgroups (random effects model):
              k                        95%-CI
Line = YE11   5 239.1486 [228.6544; 249.6428]
Line = YE13   5 230.1101 [221.3036; 238.9167]
Line = YE14   5 225.8184 [219.0323; 232.6045]
Line = YE15   5 229.9096 [218.3007; 241.5184]
Line = YE19   5 228.1961 [219.0798; 237.3124]
Line = YE20   5 228.0411 [216.3633; 239.7190]
Line = YE21   5 230.5008 [222.1227; 238.8788]
Line = YE22   5 229.7819 [219.3330; 240.2307]
Line = YE23   5 231.6504 [221.2048; 242.0959]
Line = YE24   5 236.5691 [222.5718; 250.5664]
Line = YE26   5 236.6907 [225.0143; 248.3671]
Line = YE27   5 228.6688 [219.8246; 237.5129]
Line = YE33   5 236.8524 [223.5505; 250.1542]
Line = YE40   5 228.0587 [215.8199; 240.2976]
Line = YE41   5 230.6798 [221.1625; 240.1971]
Line = YE48   5 235.2367 [224.2293; 246.2442]
Line = YE49   5 229.4629 [219.9507; 238.9752]
Line = YE51   5 223.3028 [216.2785; 230.3272]
Line = YE69   5 232.2970 [224.3591; 240.2349]
Line = YE80   5 228.7259 [219.4960; 237.9558]
Line = RE1    3 231.5537 [214.2167; 248.8907]
Line = RE10   5 238.7644 [227.1074; 250.4214]
Line = RE11   5 243.7958 [226.1106; 261.4810]
Line = RE12   5 232.3166 [219.8450; 244.7881]
Line = RE13   5 244.3921 [221.8118; 266.9724]
Line = RE15   5 234.9629 [225.5666; 244.3592]
Line = RE16   5 233.7513 [225.3374; 242.1653]
Line = RE17   5 245.6674 [226.7958; 264.5391]
Line = RE18   5 233.2652 [226.5426; 239.9878]
Line = RE2    5 243.6389 [224.9545; 262.3233]
Line = RE3    6 252.5658 [225.3768; 279.7548]
Line = RE4    5 234.1547 [223.3312; 244.9782]
Line = RE5    5 236.2325 [221.2145; 251.2504]
Line = RE6    5 248.2694 [236.1973; 260.3416]
Line = RE7    6 248.6974 [218.8612; 278.5337]
Line = RE8    6 253.7675 [218.9484; 288.5866]
Line = GI1    5 248.1757 [225.5802; 270.7713]
Line = GI10   5 238.3938 [231.4599; 245.3277]
Line = GI11   5 239.9900 [227.6291; 252.3509]
Line = GI12   5 243.8812 [235.0161; 252.7462]
Line = GI13   4 245.9621 [226.2538; 265.6705]
Line = GI14   5 244.1293 [230.5984; 257.6601]
Line = GI15   4 236.0367 [225.7767; 246.2966]
Line = GI2    5 228.8218 [220.8100; 236.8336]
Line = GI3    4 233.4553 [221.7786; 245.1321]
Line = GI4    4 231.2190 [223.3503; 239.0878]
Line = GI5    5 229.3381 [219.3063; 239.3699]
Line = GI6    4 243.8967 [234.8401; 252.9534]
Line = GI7    4 238.8628 [232.0148; 245.7108]
Line = GI8    5 237.3206 [229.0604; 245.5808]
Line = GI9    5 239.6033 [227.1217; 252.0849]
Line = MU1    5 234.4224 [226.8292; 242.0156]
Line = MU10   6 247.2655 [217.0123; 277.5187]
Line = MU11   5 236.9426 [224.8706; 249.0146]
Line = MU12   5 230.3095 [223.2105; 237.4086]
Line = MU13   6 243.2279 [214.8891; 271.5667]
Line = MU14   6 245.6915 [217.0524; 274.3306]
Line = MU15   6 245.9237 [219.6836; 272.1637]
Line = MU16   5 230.4097 [227.4094; 233.4100]
Line = MU17   5 236.5336 [225.2727; 247.7945]
Line = MU18   4 231.8935 [223.7897; 239.9973]
Line = MU19   5 229.7610 [225.1427; 234.3793]
Line = MU2    5 228.7766 [218.9604; 238.5927]
Line = MU20   5 230.0682 [221.8661; 238.2702]
Line = MU3    6 237.8110 [208.8902; 266.7318]
Line = MU4    6 244.4912 [221.1940; 267.7884]
Line = MU5    6 245.6850 [217.3967; 273.9733]
Line = MU6    6 245.5453 [215.7600; 275.3307]
Line = MU7    6 248.7103 [224.0429; 273.3776]
Line = MU8    6 248.0153 [220.9526; 275.0779]
Line = MU9    5 228.1989 [222.5103; 233.8876]
Line = MA12   5 229.2288 [219.1570; 239.3006]
Line = MA13   5 236.4908 [224.3992; 248.5824]
Line = MA16   4 237.0118 [225.8432; 248.1804]
Line = MA18   5 232.8773 [225.9382; 239.8164]
Line = MA19   5 229.2411 [219.6096; 238.8726]
Line = MA20   5 233.2424 [220.4174; 246.0673]
Line = MA21   5 235.6687 [212.9417; 258.3956]
Line = MA23   5 240.9695 [230.8827; 251.0564]
Line = MA26   5 232.4788 [225.9654; 238.9921]
Line = MA27   5 231.6783 [225.3763; 237.9804]
Line = MA28   5 234.9461 [224.3027; 245.5894]
Line = MA3    5 227.4909 [216.5096; 238.4723]
Line = MA30   5 249.8229 [221.1603; 278.4856]
Line = MA31   5 243.2953 [227.8665; 258.7241]
Line = MA32   5 232.6953 [215.4253; 249.9653]
Line = MA33   5 227.0200 [216.8305; 237.2094]
Line = MA5    5 225.5076 [214.1183; 236.8968]
Line = MA6    5 233.2508 [219.6244; 246.8771]
Line = MA7    5 231.9129 [221.8211; 242.0047]
Line = MA9    5 231.0605 [224.2647; 237.8562]
Line = UM13   5 226.7077 [220.7328; 232.6826]
Line = UM17   5 232.3080 [217.8999; 246.7161]
Line = UM18   5 233.8259 [220.3196; 247.3321]
Line = UM2    5 241.8312 [219.0472; 264.6153]
Line = UM20   5 234.2521 [223.7701; 244.7341]
Line = UM21   5 241.5034 [228.2255; 254.7812]
Line = UM22   4 237.1551 [226.8192; 247.4911]
Line = UM23   5 231.3083 [224.0879; 238.5287]
Line = UM24   1 254.8810 [238.6216; 271.1404]
Line = UM25   5 238.8198 [227.6675; 249.9721]
Line = UM26   4 232.5844 [222.7864; 242.3824]
Line = UM28   5 235.4394 [224.7497; 246.1290]
Line = UM29   5 234.7192 [209.1311; 260.3074]
Line = UM4    5 235.3416 [219.5484; 251.1347]
Line = UM5    5 236.2900 [225.7708; 246.8092]
Line = UM6    4 232.0075 [223.0814; 240.9336]
Line = UM7    5 231.1993 [217.7553; 244.6433]
Line = UM8    3 235.4533 [228.8380; 242.0686]
Line = UM9    5 235.7378 [229.0594; 242.4162]
Line = KA1    5 225.3216 [217.3667; 233.2765]
Line = KA10   5 231.1334 [221.7581; 240.5087]
Line = KA11   5 231.1154 [226.1792; 236.0517]
Line = KA13   5 226.9973 [221.2405; 232.7540]
Line = KA14   4 230.4006 [222.4243; 238.3768]
Line = KA15   5 231.4982 [227.0647; 235.9318]
Line = KA16   5 227.1364 [220.0740; 234.1988]
Line = KA17   5 230.2122 [221.4075; 239.0169]
Line = KA18   5 235.8928 [226.8228; 244.9627]
Line = KA2    5 227.7605 [217.6594; 237.8616]
Line = KA23   5 229.2459 [222.9134; 235.5784]
Line = KA24   5 229.7782 [217.3401; 242.2164]
Line = KA25   5 231.4883 [227.8754; 235.1013]
Line = KA28   5 236.1261 [221.6543; 250.5980]
Line = KA29   5 226.9018 [218.1133; 235.6903]
Line = KA3    5 225.6135 [218.5275; 232.6996]
Line = KA5    5 228.1276 [217.8274; 238.4278]
Line = KA6    5 227.4223 [218.4483; 236.3962]
Line = KA7    5 225.5712 [217.0199; 234.1225]
Line = KA9    5 232.4585 [227.4493; 237.4677]
Line = VA1    5 234.6971 [222.0167; 247.3775]
Line = VA11   5 254.0258 [218.8665; 289.1852]
Line = VA15   4 226.5441 [221.3561; 231.7322]
Line = VA18   5 238.8009 [225.4392; 252.1625]
Line = VA22   5 244.0664 [224.3874; 263.7454]
Line = VA26   5 231.5793 [228.4978; 234.6608]
Line = VA30   5 236.3941 [227.8425; 244.9457]
Line = VA34   5 238.8336 [230.5516; 247.1156]
Line = VA35   5 238.4237 [225.7281; 251.1194]
Line = VA44   5 252.6079 [218.8377; 286.3780]
Line = VA46   5 232.4564 [228.5010; 236.4117]
Line = VA47   5 236.4418 [227.1226; 245.7610]
Line = VA48   5 245.7622 [217.9009; 273.6235]
Line = VA55   5 238.2944 [217.8856; 258.7032]
Line = VA57   5 237.2194 [228.8837; 245.5550]
Line = VA6    4 232.4427 [227.3392; 237.5461]
Line = VA66   5 246.4492 [229.4680; 263.4305]
Line = VA67   5 236.5770 [221.8282; 251.3257]
Line = VA71   5 233.2423 [225.5680; 240.9166]
Line = VA9    5 231.5625 [223.7058; 239.4193]
Line = AK1    6 242.8308 [214.1347; 271.5269]
Line = AK10   5 233.1220 [222.9941; 243.2499]
Line = AK11   5 233.5895 [226.7886; 240.3904]
Line = AK12   6 243.2649 [213.1638; 273.3660]
Line = AK13   4 234.0216 [226.6067; 241.4365]
Line = AK14   5 246.8715 [212.9120; 280.8310]
Line = AK15   6 249.8017 [220.0171; 279.5863]
Line = AK16   5 226.2581 [217.6513; 234.8649]
Line = AK17   6 244.3936 [212.7638; 276.0234]
Line = AK18   5 234.5627 [227.0779; 242.0475]
Line = AK19   1 255.9102 [239.7819; 272.0385]
Line = AK2    5 224.5592 [218.9542; 230.1641]
Line = AK20   5 231.9473 [222.9777; 240.9169]
Line = AK21   6 254.4478 [228.0510; 280.8446]
Line = AK3    5 231.0287 [222.4756; 239.5818]
Line = AK4    6 242.7205 [212.9838; 272.4572]
Line = AK5    5 229.2902 [219.3177; 239.2627]
Line = AK6    6 246.1391 [216.1537; 276.1245]
Line = AK7    5 227.8619 [219.0727; 236.6512]
Line = AK8    6 250.6533 [222.1963; 279.1103]
Line = AK9    6 247.4321 [219.2457; 275.6185]
                tau^2     tau      Q   I^2
Line = YE11  110.2944 10.5021  19.65 79.6%
Line = YE13   73.0798  8.5487  22.69 82.4%
Line = YE14   40.4709  6.3617  15.71 74.5%
Line = YE15  143.4495 11.9770  43.36 90.8%
Line = YE19   78.3020  8.8488  21.00 80.9%
Line = YE20  148.4022 12.1820  53.33 92.5%
Line = YE21   66.3008  8.1425  21.00 81.0%
Line = YE22  117.3731 10.8339  35.51 88.7%
Line = YE23  113.8531 10.6702  37.72 89.4%
Line = YE24  228.1298 15.1040  54.78 92.7%
Line = YE26  148.4619 12.1845  28.42 85.9%
Line = YE27   70.7601  8.4119  26.28 84.8%
Line = YE33  203.8110 14.2762  51.16 92.2%
Line = YE40  165.4038 12.8609  33.87 88.2%
Line = YE41   89.9494  9.4842  15.43 74.1%
Line = YE48  130.7889 11.4363  26.37 84.8%
Line = YE49   91.7078  9.5764  38.06 89.5%
Line = YE51   38.0158  6.1657  14.32 72.1%
Line = YE69   60.4039  7.7720  23.07 82.7%
Line = YE80   85.7219  9.2586  29.26 86.3%
Line = RE1   209.0463 14.4584  11.74 83.0%
Line = RE10  137.6651 11.7331  31.27 87.2%
Line = RE11  378.5712 19.4569  43.91 90.9%
Line = RE12  174.9884 13.2283  33.51 88.1%
Line = RE13  632.0651 25.1409  64.43 93.8%
Line = RE15   88.1203  9.3872  22.18 82.0%
Line = RE16   67.1712  8.1958  26.13 84.7%
Line = RE17  432.4697 20.7959  69.12 94.2%
Line = RE18   38.1782  6.1789  12.23 67.3%
Line = RE2   425.3659 20.6244  97.55 95.9%
Line = RE3  1115.8506 33.4044 200.26 97.5%
Line = RE4   123.1543 11.0975  42.99 90.7%
Line = RE5   257.2533 16.0391  55.39 92.8%
Line = RE6   157.0767 12.5330  33.34 88.0%
Line = RE7  1355.3523 36.8151 306.14 98.4%
Line = RE8  1861.7801 43.1483 329.07 98.5%
Line = GI1   623.1143 24.9623  53.80 92.6%
Line = GI10   39.9638  6.3217  19.94 79.9%
Line = GI11  168.6761 12.9875  40.87 90.2%
Line = GI12   74.2166  8.6149  19.82 79.8%
Line = GI13  372.1342 19.2908  26.20 88.5%
Line = GI14  192.2358 13.8649  46.75 91.4%
Line = GI15   89.8237  9.4775  26.56 88.7%
Line = GI2    58.1429  7.6251  20.22 80.2%
Line = GI3   121.6589 11.0299  27.18 89.0%
Line = GI4    45.9404  6.7779  11.88 74.8%
Line = GI5   103.2372 10.1606  23.79 83.2%
Line = GI6    66.7072  8.1674  16.28 81.6%
Line = GI7    32.9145  5.7371  10.34 71.0%
Line = GI8    62.6244  7.9136  24.35 83.6%
Line = GI9   169.6857 13.0263  26.01 84.6%
Line = MU1    54.1456  7.3584  17.49 77.1%
Line = MU10 1405.6479 37.4920 665.50 99.2%
Line = MU11  163.1173 12.7717  31.67 87.4%
Line = MU12   45.1071  6.7162  12.92 69.0%
Line = MU13 1227.5406 35.0363 404.58 98.8%
Line = MU14 1253.4294 35.4038 523.13 99.0%
Line = MU15 1048.5638 32.3815 408.71 98.8%
Line = MU16   <0.0001  0.0018   4.09  2.3%
Line = MU17  142.1991 11.9247  28.62 86.0%
Line = MU18   50.9669  7.1391  18.54 83.8%
Line = MU19   11.7787  3.4320   7.41 46.0%
Line = MU2   100.2782 10.0139  27.61 85.5%
Line = MU20   65.6251  8.1009  15.48 74.2%
Line = MU3  1282.2821 35.8090 500.91 99.0%
Line = MU4   823.6876 28.7000 333.26 98.5%
Line = MU5  1219.1587 34.9165 454.29 98.9%
Line = MU6  1357.4405 36.8435 557.62 99.1%
Line = MU7   926.2916 30.4350 463.01 98.9%
Line = MU8  1116.8790 33.4197 419.86 98.8%
Line = MU9    23.3006  4.8271  10.96 63.5%
Line = MA12  106.5478 10.3222  33.32 88.0%
Line = MA13  165.6189 12.8693  50.10 92.0%
Line = MA16  111.1061 10.5407  36.12 91.7%
Line = MA18   42.2055  6.4966  22.08 81.9%
Line = MA19   96.9259  9.8451  20.09 80.1%
Line = MA20  182.6781 13.5158  24.00 83.3%
Line = MA21  644.7594 25.3921  58.68 93.2%
Line = MA23   97.6840  9.8835  22.52 82.2%
Line = MA26   33.0077  5.7452  13.75 70.9%
Line = MA27   33.0132  5.7457  15.84 74.7%
Line = MA28  122.1531 11.0523  44.88 91.1%
Line = MA3   133.7393 11.5646  32.88 87.8%
Line = MA30 1042.8773 32.2936 133.19 97.0%
Line = MA31  283.5807 16.8399  40.15 90.0%
Line = MA32  362.2434 19.0327  47.04 91.5%
Line = MA33  107.8029 10.3828  37.22 89.3%
Line = MA5   143.5013 11.9792  39.08 89.8%
Line = MA6   207.0080 14.3878  30.69 87.0%
Line = MA7   107.7280 10.3792  40.91 90.2%
Line = MA9    39.8170  6.3101  17.68 77.4%
Line = UM13   26.9676  5.1930  11.59 65.5%
Line = UM17  241.1183 15.5280  28.33 85.9%
Line = UM18  210.1832 14.4977  42.32 90.5%
Line = UM2   649.4827 25.4849  67.81 94.1%
Line = UM20  117.5263 10.8410  31.30 87.2%
Line = UM21  202.3813 14.2261  33.04 87.9%
Line = UM22   78.1213  8.8386  15.06 80.1%
Line = UM23   45.7683  6.7652  20.35 80.3%
Line = UM24        --      --   0.00    --
Line = UM25  130.4117 11.4198  31.53 87.3%
Line = UM26   81.9768  9.0541  13.19 77.3%
Line = UM28  123.5029 11.1132  28.06 85.7%
Line = UM29  822.5796 28.6806  61.21 93.5%
Line = UM4   296.4174 17.2168  38.71 89.7%
Line = UM5   119.4373 10.9287  21.66 81.5%
Line = UM6    65.5428  8.0958  21.41 86.0%
Line = UM7   208.9949 14.4567  34.69 88.5%
Line = UM8    25.3594  5.0358   7.13 71.9%
Line = UM9    37.5074  6.1243  14.99 73.3%
Line = KA1    61.6075  7.8490  18.16 78.0%
Line = KA10   91.4581  9.5634  30.53 86.9%
Line = KA11   15.7160  3.9643   9.85 59.4%
Line = KA13   24.7942  4.9794  11.27 64.5%
Line = KA14   49.5969  7.0425  16.52 81.8%
Line = KA15    9.4573  3.0753   6.77 40.9%
Line = KA16   43.5691  6.6007  20.70 80.7%
Line = KA17   77.9653  8.8298  28.67 86.0%
Line = KA18   84.5542  9.1953  28.29 85.9%
Line = KA2   109.2580 10.4527  29.74 86.6%
Line = KA23   33.0264  5.7469  13.22 69.7%
Line = KA24  175.6570 13.2536  30.32 86.8%
Line = KA25    3.6631  1.9139   4.73 15.4%
Line = KA28  247.1320 15.7204  30.32 86.8%
Line = KA29   75.2620  8.6754  25.70 84.4%
Line = KA3    43.0199  6.5590  14.74 72.9%
Line = KA5   112.7531 10.6185  30.10 86.7%
Line = KA6    82.2676  9.0701  23.91 83.3%
Line = KA7    72.2506  8.5000  16.52 75.8%
Line = KA9    16.4673  4.0580   8.88 55.0%
Line = VA1   181.7258 13.4806  34.32 88.3%
Line = VA11 1580.4068 39.7543 168.75 97.6%
Line = VA15   14.1319  3.7592   5.92 49.3%
Line = VA18  199.1719 14.1128  30.59 86.9%
Line = VA22  467.6153 21.6244  64.64 93.8%
Line = VA26   <0.0001  0.0018   5.42 26.2%
Line = VA30   69.9208  8.3619  16.72 76.1%
Line = VA34   68.0298  8.2480  18.30 78.1%
Line = VA35  182.9562 13.5261  41.53 90.4%
Line = VA44 1451.8045 38.1026 147.67 97.3%
Line = VA46    6.2591  2.5018   8.61 53.5%
Line = VA47   88.8977  9.4286  13.51 70.4%
Line = VA48  972.6319 31.1870  64.81 93.8%
Line = VA55  516.3789 22.7240  43.98 90.9%
Line = VA57   67.4635  8.2136  17.00 76.5%
Line = VA6    13.7000  3.7013   7.81 61.6%
Line = VA66  340.1233 18.4424  39.02 89.7%
Line = VA67  252.2370 15.8820  29.81 86.6%
Line = VA71   54.6294  7.3912  14.01 71.4%
Line = VA9    59.2951  7.7003  15.76 74.6%
Line = AK1  1263.2175 35.5418 626.86 99.2%
Line = AK10  109.8383 10.4804  17.51 77.2%
Line = AK11   40.3035  6.3485  15.98 75.0%
Line = AK12 1391.9765 37.3092 615.66 99.2%
Line = AK13   42.1237  6.4903  16.97 82.3%
Line = AK14 1483.1577 38.5118 511.54 99.2%
Line = AK15 1359.2142 36.8675 586.55 99.1%
Line = AK16   75.2801  8.6764  24.79 83.9%
Line = AK17 1536.4935 39.1981 690.96 99.3%
Line = AK18   50.9599  7.1386  20.52 80.5%
Line = AK19        --      --   0.00    --
Line = AK2    24.1044  4.9096  11.89 66.4%
Line = AK20   82.6597  9.0917  19.80 79.8%
Line = AK21 1060.5543 32.5662 460.60 98.9%
Line = AK3    69.8680  8.3587  25.92 84.6%
Line = AK4  1355.6196 36.8187 562.02 99.1%
Line = AK5   105.2066 10.2570  24.11 83.4%
Line = AK6  1380.5230 37.1554 489.77 99.0%
Line = AK7    73.2797  8.5604  17.41 77.0%
Line = AK8  1240.8646 35.2259 533.48 99.1%
Line = AK9  1214.7815 34.8537 538.04 99.1%

Test for subgroup differences (random effects model):
                      Q d.f. p-value
Between groups   187.45  170  0.1706

Details on meta-analytical method:
- Inverse variance method
- Restricted maximum-likelihood estimator for tau^2
- Q-profile method for confidence interval of tau^2 and tau
