                                           95%-CI
YE_Gibert           223.6879 [216.3682; 231.0076]
YE_Hoedjes          237.3616 [230.8663; 243.8569]
YE_Schmidt          247.0041 [232.6019; 261.4063]
YE_StamenkovicRadak 251.8161 [235.1923; 268.4400]
YE_Zwaan            225.9093 [220.0799; 231.7387]
YE_Gibert           223.3279 [218.2066; 228.4491]
YE_Hoedjes          234.6256 [229.9221; 239.3291]
YE_Schmidt          215.2751 [202.9209; 227.6293]
YE_StamenkovicRadak 240.4321 [224.0216; 256.8427]
YE_Zwaan            222.8433 [216.7838; 228.9028]
YE_Gibert           224.7029 [219.3801; 230.0256]
YE_Hoedjes          234.5266 [229.3307; 239.7225]
YE_Schmidt          212.9351 [200.3085; 225.5617]
YE_StamenkovicRadak 236.4991 [219.8835; 253.1148]
YE_Zwaan            218.2363 [212.1323; 224.3404]
YE_Gibert           209.5679 [204.4894; 214.6464]
YE_Hoedjes          233.6746 [228.6107; 238.7386]
YE_Schmidt          222.0451 [205.8295; 238.2607]
YE_StamenkovicRadak 245.3241 [228.9412; 261.7071]
YE_Zwaan            220.2293 [214.2869; 226.1718]
YE_Gibert           208.9179 [203.8546; 213.9811]
YE_Hoedjes          228.4766 [223.4832; 233.4700]
YE_Schmidt          223.6391 [203.5145; 243.7637]
YE_StamenkovicRadak 239.2021 [223.0133; 255.3910]
YE_Zwaan            217.4553 [211.3404; 223.5702]
YE_Gibert           207.8349 [202.0931; 213.5766]
YE_Hoedjes          238.3926 [233.3354; 243.4498]
YE_Schmidt          221.4421 [210.1264; 232.7577]
YE_StamenkovicRadak 239.8091 [222.0110; 257.6072]
YE_Zwaan            219.0583 [212.3034; 225.8132]
YE_Gibert           217.8739 [211.2747; 224.4730]
YE_Hoedjes          239.8886 [234.4928; 245.2845]
YE_Schmidt          219.8041 [207.8874; 231.7208]
YE_StamenkovicRadak 235.1001 [218.0593; 252.1409]
YE_Zwaan            221.2823 [214.7243; 227.8404]
YE_Gibert           222.0709 [216.9112; 227.2305]
YE_Hoedjes          232.4826 [227.6375; 237.3277]
YE_Schmidt          212.4681 [200.3482; 224.5879]
YE_StamenkovicRadak 236.9811 [220.7794; 253.1829]
YE_Zwaan            215.5393 [209.1464; 221.9323]
YE_Gibert           215.1729 [210.1928; 220.1530]
YE_Hoedjes          232.3876 [227.0210; 237.7543]
YE_Schmidt          218.5421 [202.3265; 234.7577]
YE_StamenkovicRadak 230.4291 [213.9503; 246.9079]
YE_Zwaan            222.8983 [216.6180; 229.1786]
YE_Gibert           218.4389 [212.8669; 224.0108]
YE_Hoedjes          244.0206 [238.9263; 249.1149]
YE_Schmidt          215.0551 [204.1354; 225.9747]
YE_StamenkovicRadak 258.5881 [241.7925; 275.3838]
YE_Zwaan            230.0833 [224.1763; 235.9904]
YE_Gibert           221.1509 [215.2568; 227.0449]
YE_Hoedjes          229.4046 [224.0757; 234.7336]
YE_Schmidt          233.9371 [220.9882; 246.8860]
YE_StamenkovicRadak 244.0881 [227.6142; 260.5620]
YE_Zwaan            220.0763 [212.8966; 227.2560]
YE_Gibert           210.4629 [205.1995; 215.7262]
YE_Hoedjes          232.0066 [226.8209; 237.1923]
YE_Schmidt          225.6491 [213.2949; 238.0033]
YE_StamenkovicRadak 241.7611 [225.3587; 258.1636]
YE_Zwaan            224.2753 [216.3384; 232.2123]
YE_Gibert           217.9539 [212.5540; 223.3537]
YE_Hoedjes          232.6116 [227.4327; 237.7905]
YE_Schmidt          244.3221 [231.9679; 256.6763]
YE_StamenkovicRadak 238.2021 [221.4589; 254.9453]
YE_Zwaan            221.6483 [215.4333; 227.8633]
YE_Gibert           212.9339 [208.0745; 217.7933]
YE_Hoedjes          228.6386 [223.7852; 233.4920]
YE_Schmidt          213.7751 [198.6023; 228.9479]
YE_StamenkovicRadak 244.9261 [228.6323; 261.2200]
YE_Zwaan            225.7823 [216.7084; 234.8562]
YE_Gibert           217.3529 [211.9308; 222.7749]
YE_Hoedjes          229.7586 [224.7468; 234.7704]
YE_Schmidt          213.0331 [200.0842; 225.9820]
YE_StamenkovicRadak 251.2541 [234.8809; 267.6274]
YE_Zwaan            219.4113 [211.3451; 227.4775]
YE_Gibert           215.8899 [210.7318; 221.0480]
YE_Hoedjes          234.3096 [229.5470; 239.0722]
YE_Schmidt          219.4181 [203.2025; 235.6337]
YE_StamenkovicRadak 248.5401 [232.3287; 264.7516]
YE_Zwaan            226.1003 [219.8396; 232.3611]
YE_Gibert           224.7859 [220.3743; 229.1975]
YE_Hoedjes          231.5996 [226.7529; 236.4464]
YE_Schmidt          213.1531 [199.8178; 226.4883]
YE_StamenkovicRadak 226.4761 [210.1693; 242.7829]
YE_Zwaan            218.1773 [211.4135; 224.9411]
YE_Gibert           214.5579 [209.1374; 219.9783]
YE_Hoedjes          226.3396 [221.1437; 231.5355]
YE_Schmidt          212.5271 [194.8056; 230.2486]
YE_StamenkovicRadak 230.8761 [214.8322; 246.9201]
YE_Zwaan            217.3833 [210.9961; 223.7706]
YE_Gibert           225.2679 [220.2682; 230.2675]
YE_Hoedjes          228.2066 [223.0988; 233.3144]
YE_Schmidt          239.6401 [224.4673; 254.8129]
YE_StamenkovicRadak 233.7451 [217.5240; 249.9662]
YE_Zwaan            222.0103 [215.9817; 228.0390]
YE_Gibert           224.0869 [218.9056; 229.2681]
YE_Hoedjes          234.8216 [229.4292; 240.2141]
YE_Schmidt          223.6391 [203.5145; 243.7637]
YE_StamenkovicRadak 227.5521 [211.4841; 243.6202]
YE_Zwaan            217.2073 [210.7272; 223.6874]
RE_Gibert           222.5245 [217.3096; 227.7395]
RE_StamenkovicRadak 248.3086 [231.8048; 264.8124]
RE_Zwaan            219.2609 [213.4176; 225.1042]
RE_Gibert           227.8895 [222.5981; 233.1810]
RE_Hoedjes          239.6711 [234.6101; 244.7322]
RE_Schmidt          225.3365 [204.5458; 246.1272]
RE_StamenkovicRadak 255.4376 [239.0333; 271.8419]
RE_Zwaan            234.6799 [228.7625; 240.5974]
RE_Gibert           228.8275 [223.3518; 234.3032]
RE_Hoedjes          233.1991 [228.3801; 238.0182]
RE_Schmidt          241.2605 [228.4138; 254.1072]
RE_StamenkovicRadak 276.6736 [260.1176; 293.2296]
RE_Zwaan            229.2399 [223.1558; 235.3241]
RE_Gibert           223.2245 [216.5146; 229.9344]
RE_Hoedjes          236.3521 [230.9823; 241.7219]
RE_Schmidt          211.3725 [198.6684; 224.0766]
RE_StamenkovicRadak 255.4696 [238.8740; 272.0652]
RE_Zwaan            223.4299 [216.7899; 230.0700]
RE_Gibert           226.6585 [220.5303; 232.7867]
RE_Hoedjes          229.2521 [224.3673; 234.1370]
RE_Schmidt          252.4685 [237.7062; 267.2308]
RE_StamenkovicRadak 290.8466 [274.1732; 307.5200]
RE_Zwaan            228.8949 [222.5051; 235.2848]
RE_Gibert           231.8995 [226.6773; 237.1218]
RE_Hoedjes          235.0811 [230.0855; 240.0767]
RE_Schmidt          208.1115 [191.0762; 225.1468]
RE_StamenkovicRadak 238.1076 [221.5928; 254.6224]
RE_Zwaan            221.9719 [215.8733; 228.0706]
RE_Gibert           224.5535 [219.4703; 229.6367]
RE_Hoedjes          238.7961 [233.8117; 243.7806]
RE_Schmidt          223.9695 [211.6106; 236.3284]
RE_StamenkovicRadak 240.5416 [224.0347; 257.0485]
RE_Zwaan            226.1149 [219.7982; 232.4316]
RE_Gibert           221.5855 [216.5095; 226.6616]
RE_Hoedjes          241.1491 [235.6802; 246.6181]
RE_Schmidt          271.4645 [258.6178; 284.3112]
RE_StamenkovicRadak 238.7956 [222.0474; 255.5438]
RE_Zwaan            229.6709 [223.3789; 235.9630]
RE_Gibert           229.8075 [224.6566; 234.9584]
RE_Hoedjes          232.1231 [226.9298; 237.3164]
RE_Schmidt          215.0425 [201.8461; 228.2389]
RE_StamenkovicRadak 253.1436 [236.4988; 269.7884]
RE_Zwaan            232.0579 [225.9738; 238.1421]
RE_Gibert           226.0855 [220.9693; 231.2018]
RE_Hoedjes          245.1431 [240.1380; 250.1483]
RE_Schmidt          229.5375 [217.4341; 241.6409]
RE_StamenkovicRadak 274.4736 [258.0598; 290.8874]
RE_Zwaan            218.9559 [213.1707; 224.7411]
RE_Gibert           240.7215 [235.0449; 246.3982]
RE_Grath            317.0612 [308.2894; 325.8330]
RE_Hoedjes          234.1061 [228.8722; 239.3401]
RE_Schmidt          214.8705 [196.3960; 233.3450]
RE_StamenkovicRadak 252.1836 [235.5658; 268.8014]
RE_Zwaan            224.8949 [218.4828; 231.3070]
RE_Gibert           222.4275 [217.1538; 227.7012]
RE_Hoedjes          242.2151 [236.8946; 247.5357]
RE_Schmidt          216.9305 [202.6098; 231.2512]
RE_StamenkovicRadak 240.1936 [223.7593; 256.6279]
RE_Zwaan            222.6809 [216.6556; 228.7063]
RE_Gibert           221.2815 [216.1997; 226.3633]
RE_Hoedjes          237.3061 [231.8472; 242.7651]
RE_Schmidt          246.6075 [221.3260; 271.8890]
RE_StamenkovicRadak 262.5376 [245.9468; 279.1285]
RE_Zwaan            223.2149 [217.0606; 229.3693]
RE_Gibert           231.5955 [226.1410; 237.0500]
RE_Hoedjes          242.7091 [237.3870; 248.0313]
RE_Schmidt          257.6665 [241.6207; 273.7123]
RE_StamenkovicRadak 266.1866 [249.6259; 282.7474]
RE_Zwaan            237.7359 [231.3252; 244.1466]
RE_Gibert           224.9015 [220.3162; 229.4868]
RE_Grath            318.2442 [309.5674; 326.9210]
RE_Hoedjes          236.3191 [230.7186; 241.9197]
RE_Schmidt          218.7435 [205.8968; 231.5902]
RE_StamenkovicRadak 252.0776 [235.6481; 268.5072]
RE_Zwaan            223.2739 [217.0848; 229.4631]
RE_Gibert           241.6405 [236.0103; 247.2708]
RE_Grath            329.5432 [319.1732; 339.9131]
RE_Hoedjes          242.5001 [237.4631; 247.5372]
RE_Schmidt          217.3595 [205.1789; 229.5401]
RE_StamenkovicRadak 240.5686 [223.9936; 257.1436]
RE_Zwaan            224.0989 [217.9111; 230.2867]
GI_Gibert           228.2764 [223.1704; 233.3823]
GI_Hoedjes          237.0497 [232.2144; 241.8849]
GI_Schmidt          260.2965 [240.7393; 279.8537]
GI_StamenkovicRadak 254.8752 [237.9073; 271.8431]
GI_Zwaan            219.6987 [214.1091; 225.2883]
GI_Gibert           225.9034 [221.4178; 230.3889]
GI_Hoedjes          241.7067 [236.7040; 246.7093]
GI_Schmidt          224.4605 [210.6930; 238.2280]
GI_StamenkovicRadak 234.5172 [217.5787; 251.4558]
GI_Zwaan            231.3877 [224.8989; 237.8765]
GI_Gibert           223.1964 [217.9577; 228.4350]
GI_Hoedjes          239.3877 [233.9924; 244.7830]
GI_Schmidt          225.0815 [211.5018; 238.6611]
GI_StamenkovicRadak 255.7432 [238.9064; 272.5800]
GI_Zwaan            223.5177 [217.2806; 229.7548]
GI_Gibert           236.7754 [230.9807; 242.5701]
GI_Hoedjes          248.3527 [243.0952; 253.6101]
GI_Schmidt          218.3805 [202.2838; 234.4771]
GI_StamenkovicRadak 249.7052 [232.5246; 266.8858]
GI_Zwaan            228.9607 [221.3733; 236.5482]
GI_Gibert           228.3064 [223.1707; 233.4420]
GI_Hoedjes          235.8957 [230.4491; 241.3422]
GI_Schmidt          242.3555 [222.7983; 261.9127]
GI_Zwaan            230.3157 [224.0211; 236.6103]
GI_Gibert           231.3984 [225.7832; 237.0135]
GI_Hoedjes          243.7537 [238.2091; 249.2982]
GI_StamenkovicRadak 245.5682 [228.4219; 262.7145]
GI_Zwaan            220.9087 [214.4463; 227.3712]
GI_Gibert           228.0764 [222.4976; 233.6551]
GI_Hoedjes          241.4737 [236.0635; 246.8838]
GI_Schmidt          217.3175 [199.1137; 235.5213]
GI_Zwaan            228.4847 [222.3373; 234.6321]
GI_Gibert           221.2364 [215.9164; 226.5563]
GI_Hoedjes          230.0117 [224.7689; 235.2545]
GI_Schmidt          232.2635 [212.7063; 251.8207]
GI_StamenkovicRadak 237.2172 [220.3496; 254.0848]
GI_Zwaan            216.7387 [211.1592; 222.3182]
GI_Gibert           223.0054 [217.9485; 228.0622]
GI_Hoedjes          232.4447 [227.4548; 237.4345]
GI_Schmidt          226.1345 [204.3760; 247.8930]
GI_StamenkovicRadak 242.9582 [226.0397; 259.8767]
GI_Zwaan            216.3937 [209.8645; 222.9229]
GI_Gibert           225.3064 [219.4915; 231.1212]
GI_Hoedjes          229.0837 [223.8702; 234.2972]
GI_StamenkovicRadak 238.5862 [221.6353; 255.5371]
GI_Zwaan            222.8167 [216.4258; 229.2076]
GI_Gibert           219.8714 [214.4484; 225.2943]
GI_Hoedjes          233.4437 [227.8991; 238.9882]
GI_Schmidt          207.8095 [191.7128; 223.9061]
GI_StamenkovicRadak 240.9602 [223.6250; 258.2954]
GI_Zwaan            220.6027 [214.1816; 227.0238]
GI_Gibert           233.6144 [228.2930; 238.9357]
GI_Hoedjes          244.0287 [238.8460; 249.2113]
GI_StamenkovicRadak 251.2742 [234.4313; 268.1171]
GI_Zwaan            231.0877 [224.9312; 237.2442]
GI_Gibert           228.7004 [223.3950; 234.0057]
GI_Hoedjes          233.8067 [228.4476; 239.1657]
GI_StamenkovicRadak 241.4202 [224.5526; 258.2878]
GI_Zwaan            224.1437 [218.0883; 230.1991]
GI_Gibert           220.9904 [215.8490; 226.1317]
GI_Hoedjes          233.0467 [227.8980; 238.1953]
GI_Schmidt          233.8385 [219.3319; 248.3450]
GI_StamenkovicRadak 242.6882 [225.9175; 259.4589]
GI_Zwaan            229.0287 [222.8577; 235.1997]
GI_Gibert           226.0884 [220.8871; 231.2896]
GI_Hoedjes          245.6687 [240.2898; 251.0475]
GI_Schmidt          204.7345 [188.1256; 221.3434]
GI_StamenkovicRadak 250.6462 [233.8586; 267.4338]
GI_Zwaan            228.9157 [222.5412; 235.2902]
MU_Gibert           221.9364 [217.0508; 226.8220]
MU_Hoedjes          229.2501 [224.5629; 233.9372]
MU_Schmidt          249.5868 [237.0862; 262.0873]
MU_StamenkovicRadak 236.2052 [220.1220; 252.2883]
MU_Zwaan            225.8818 [220.5547; 231.2090]
MU_Gibert           209.7024 [204.9579; 214.4469]
MU_Grath            310.2616 [304.6083; 315.9149]
MU_Hoedjes          232.7091 [227.8677; 237.5505]
MU_Schmidt          223.1788 [211.8772; 234.4803]
MU_StamenkovicRadak 239.8292 [223.7412; 255.9172]
MU_Zwaan            222.5438 [216.5691; 228.5186]
MU_Gibert           221.0324 [215.9721; 226.0927]
MU_Hoedjes          231.9991 [227.1827; 236.8154]
MU_Schmidt          236.9408 [225.6392; 248.2423]
MU_StamenkovicRadak 250.4972 [233.9857; 267.0086]
MU_Zwaan            219.4488 [211.9101; 226.9876]
MU_Gibert           221.7814 [217.0895; 226.4733]
MU_Hoedjes          226.5851 [221.9455; 231.2246]
MU_Schmidt          207.9658 [196.5214; 219.4101]
MU_StamenkovicRadak 239.7142 [223.6471; 255.7812]
MU_Zwaan            220.7328 [214.2474; 227.2183]
MU_Gibert           230.2354 [225.1243; 235.3466]
MU_Grath            308.0976 [302.0595; 314.1356]
MU_Hoedjes          235.8291 [231.0824; 240.5757]
MU_Schmidt          203.7858 [191.2852; 216.2863]
MU_StamenkovicRadak 231.9212 [215.8847; 247.9576]
MU_Zwaan            218.3118 [211.5150; 225.1087]
MU_Gibert           217.3334 [212.4508; 222.2160]
MU_Grath            312.6876 [306.5168; 318.8584]
MU_Hoedjes          229.0221 [224.3134; 233.7307]
MU_Schmidt          238.4648 [225.6387; 251.2908]
MU_StamenkovicRadak 235.4962 [219.4517; 251.5407]
MU_Zwaan            218.9848 [212.4616; 225.5080]
MU_Gibert           233.5554 [228.7341; 238.3768]
MU_Grath            305.6336 [299.8220; 311.4452]
MU_Hoedjes          233.6431 [228.9278; 238.3583]
MU_Schmidt          225.3618 [212.8612; 237.8623]
MU_StamenkovicRadak 237.8612 [221.8070; 253.9153]
MU_Zwaan            221.0348 [214.9302; 227.1395]
MU_Gibert           230.0054 [224.9712; 235.0396]
MU_Hoedjes          225.1211 [220.4602; 229.7819]
MU_Schmidt          235.3268 [221.0349; 249.6186]
MU_StamenkovicRadak 232.7042 [216.7850; 248.6233]
MU_Zwaan            225.8048 [219.7193; 231.8904]
MU_Gibert           235.6124 [230.7448; 240.4800]
MU_Hoedjes          233.3691 [228.4674; 238.2707]
MU_Schmidt          210.1258 [199.0658; 221.1857]
MU_StamenkovicRadak 244.4892 [228.5315; 260.4468]
MU_Zwaan            225.3058 [218.7418; 231.8699]
MU_Gibert           224.0744 [219.2560; 228.8928]
MU_Hoedjes          233.0291 [228.3863; 237.6719]
MU_Schmidt          234.4878 [219.4197; 249.5558]
MU_StamenkovicRadak 232.7862 [216.6853; 248.8871]
MU_Zwaan            222.6288 [215.1761; 230.0815]
MU_Gibert           224.5354 [220.3135; 228.7573]
MU_Hoedjes          226.4011 [221.5647; 231.2374]
MU_Schmidt          215.9068 [203.6814; 228.1321]
MU_StamenkovicRadak 228.8602 [212.7722; 244.9482]
MU_Zwaan            223.1928 [216.2325; 230.1532]
MU_Gibert           208.6544 [203.8745; 213.4343]
MU_Hoedjes          226.8491 [222.1057; 231.5924]
MU_Schmidt          219.0978 [207.1092; 231.0863]
MU_StamenkovicRadak 243.7082 [227.5087; 259.9076]
MU_Zwaan            216.9138 [211.3323; 222.4954]
MU_Gibert           225.8124 [220.9613; 230.6636]
MU_Hoedjes          231.4461 [226.2907; 236.6014]
MU_Schmidt          206.3658 [194.3772; 218.3543]
MU_StamenkovicRadak 236.5942 [220.4400; 252.7484]
MU_Zwaan            222.8848 [216.9647; 228.8050]
MU_Gibert           211.9834 [206.9000; 217.0668]
MU_Grath            298.5446 [292.7991; 304.2900]
MU_Hoedjes          226.2821 [221.3737; 231.1904]
MU_Schmidt          208.9338 [197.6322; 220.2353]
MU_StamenkovicRadak 226.5042 [210.1604; 242.8479]
MU_Zwaan            218.9498 [212.8793; 225.0204]
MU_Gibert           231.8084 [226.9288; 236.6880]
MU_Grath            301.5486 [295.0688; 308.0284]
MU_Hoedjes          231.4351 [226.7314; 236.1387]
MU_Schmidt          218.7788 [206.7902; 230.7673]
MU_StamenkovicRadak 231.2072 [215.1546; 247.2597]
MU_Zwaan            219.6948 [213.7134; 225.6763]
MU_Gibert           233.7514 [228.8658; 238.6370]
MU_Grath            305.1046 [299.3261; 310.8830]
MU_Hoedjes          229.5741 [224.6422; 234.5059]
MU_Schmidt          217.5598 [204.7337; 230.3858]
MU_StamenkovicRadak 244.2352 [228.0519; 260.4184]
MU_Zwaan            218.8708 [212.7511; 224.9906]
MU_Gibert           218.4614 [213.4119; 223.5110]
MU_Grath            310.4156 [304.6701; 316.1610]
MU_Hoedjes          229.5221 [224.5902; 234.4539]
MU_Schmidt          213.3998 [199.1079; 227.6916]
MU_StamenkovicRadak 242.6812 [226.6351; 258.7273]
MU_Zwaan            222.2738 [215.8461; 228.7015]
MU_Gibert           220.9894 [216.0767; 225.9021]
MU_Grath            300.6076 [294.4368; 306.7784]
MU_Hoedjes          225.9761 [221.3152; 230.6369]
MU_Schmidt          234.0568 [222.0682; 246.0453]
MU_StamenkovicRadak 246.5352 [230.5277; 262.5427]
MU_Zwaan            224.9128 [218.4448; 231.3809]
MU_Gibert           230.8164 [225.6758; 235.9570]
MU_Grath            303.4056 [297.5592; 309.2520]
MU_Hoedjes          226.7011 [221.7793; 231.6228]
MU_Schmidt          213.6268 [201.1262; 226.1273]
MU_StamenkovicRadak 238.8592 [222.5073; 255.2110]
MU_Zwaan            229.6138 [223.6002; 235.6275]
MU_Gibert           221.6664 [216.6077; 226.7252]
MU_Hoedjes          225.2781 [220.0167; 230.5395]
MU_Schmidt          210.1858 [198.1972; 222.1743]
MU_StamenkovicRadak 230.4932 [214.2549; 246.7315]
MU_Zwaan            224.5318 [218.6380; 230.4256]
MA_Gibert           213.8058 [209.0341; 218.5775]
MA_Hoedjes          227.8171 [222.9399; 232.6943]
MA_Schmidt          210.6328 [196.1480; 225.1176]
MA_StamenkovicRadak 248.8635 [232.6231; 265.1038]
MA_Zwaan            229.2086 [223.0972; 235.3199]
MA_Gibert           216.9698 [212.1121; 221.8274]
MA_Hoedjes          229.9421 [225.0582; 234.8260]
MA_Schmidt          218.7748 [207.3543; 230.1954]
MA_StamenkovicRadak 256.8135 [240.5214; 273.1055]
MA_Zwaan            229.2256 [222.9916; 235.4595]
MA_Gibert           226.8688 [221.8268; 231.9107]
MA_Hoedjes          237.3981 [232.7295; 242.0667]
MA_StamenkovicRadak 236.7605 [220.5153; 253.0056]
MA_Zwaan            223.1126 [217.0724; 229.1527]
MA_Gibert           221.0088 [215.9729; 226.0446]
MA_Hoedjes          236.0851 [231.4263; 240.7438]
MA_Schmidt          227.2428 [215.9347; 238.5510]
MA_StamenkovicRadak 237.3855 [220.3598; 254.4111]
MA_Zwaan            231.1646 [225.1975; 237.1316]
MA_Gibert           222.0078 [217.1456; 226.8699]
MA_Hoedjes          226.3701 [221.6026; 231.1376]
MA_Schmidt          209.5508 [196.1265; 222.9752]
MA_StamenkovicRadak 241.1905 [224.9016; 257.4793]
MA_Zwaan            227.8276 [221.8390; 233.8161]
MA_Gibert           224.2518 [219.1236; 229.3799]
MA_Hoedjes          230.1311 [225.1499; 235.1122]
MA_Schmidt          207.6838 [194.2595; 221.1082]
MA_StamenkovicRadak 251.2125 [234.6606; 267.7643]
MA_Zwaan            221.1006 [214.9212; 227.2799]
MA_Gibert           225.1268 [220.2989; 229.9546]
MA_Hoedjes          230.8281 [226.0788; 235.5774]
MA_Schmidt          207.7658 [195.3155; 220.2162]
MA_StamenkovicRadak 279.6575 [263.4607; 295.8542]
MA_Zwaan            220.0626 [214.0632; 226.0619]
MA_Gibert           229.8298 [224.7771; 234.8824]
MA_Hoedjes          243.8901 [239.0645; 248.7156]
MA_Schmidt          264.2008 [250.3064; 278.0953]
MA_StamenkovicRadak 238.9165 [222.5726; 255.2603]
MA_Zwaan            223.6736 [217.7025; 229.6446]
MA_Gibert           230.8928 [225.9041; 235.8814]
MA_Hoedjes          237.2581 [232.4707; 242.0454]
MA_Schmidt          220.7198 [208.8805; 232.5591]
MA_StamenkovicRadak 233.3845 [216.8408; 249.9282]
MA_Zwaan            222.4266 [215.8954; 228.9577]
MA_Gibert           219.7458 [214.6006; 224.8909]
MA_Hoedjes          230.6051 [225.7779; 235.4323]
MA_Schmidt          227.0968 [215.4125; 238.7812]
MA_StamenkovicRadak 244.4955 [227.9371; 261.0538]
MA_Zwaan            224.1686 [217.7767; 230.5604]
MA_Gibert           220.9968 [216.1137; 225.8798]
MA_Hoedjes          235.7761 [230.4116; 241.1406]
MA_Schmidt          231.3858 [219.3695; 243.4022]
MA_StamenkovicRadak 252.6895 [235.3476; 270.0313]
MA_Zwaan            223.7696 [217.7485; 229.7906]
MA_Gibert           221.3358 [216.5094; 226.1621]
MA_Hoedjes          231.6131 [226.7024; 236.5237]
MA_Schmidt          207.5948 [196.0502; 219.1395]
MA_StamenkovicRadak 238.5115 [222.1400; 254.8829]
MA_Zwaan            218.7936 [213.2550; 224.3322]
MA_Gibert           223.9468 [219.7174; 228.1761]
MA_Hoedjes          229.5521 [224.5743; 234.5298]
MA_Schmidt          287.5718 [274.5311; 300.6125]
MA_StamenkovicRadak 240.9665 [224.9290; 257.0039]
MA_Zwaan            224.5766 [218.4375; 230.7156]
MA_Gibert           237.7368 [231.7400; 243.7335]
MA_Hoedjes          233.6651 [228.4977; 238.8325]
MA_Schmidt          263.1438 [249.2494; 277.0383]
MA_StamenkovicRadak 262.1645 [245.9903; 278.3386]
MA_Zwaan            218.9516 [212.7106; 225.1925]
MA_Gibert           222.3448 [217.1934; 227.4961]
MA_Hoedjes          233.7601 [228.9345; 238.5856]
MA_Schmidt          199.4658 [187.0155; 211.9162]
MA_StamenkovicRadak 261.2865 [245.2057; 277.3672]
MA_Zwaan            227.6546 [221.7609; 233.5482]
MA_Gibert           216.7968 [211.9807; 221.6128]
MA_Hoedjes          237.4971 [232.4095; 242.5846]
MA_Schmidt          211.6178 [191.4340; 231.8016]
MA_StamenkovicRadak 231.7985 [215.6597; 247.9372]
MA_Zwaan            223.7096 [217.7264; 229.6927]
MA_Gibert           211.1168 [205.8876; 216.3460]
MA_Hoedjes          230.5881 [225.4138; 235.7623]
MA_Schmidt          216.4108 [203.9605; 228.8612]
MA_StamenkovicRadak 234.4485 [218.2404; 250.6565]
MA_Zwaan            219.1256 [213.6604; 224.5907]
MA_Gibert           218.5128 [213.6715; 223.3540]
MA_Hoedjes          231.8371 [226.5654; 237.1088]
MA_Schmidt          214.7338 [194.5500; 234.9176]
MA_StamenkovicRadak 256.1795 [239.8323; 272.5266]
MA_Zwaan            223.9556 [217.6353; 230.2758]
MA_Gibert           218.4598 [213.6349; 223.2847]
MA_Hoedjes          236.4081 [231.6373; 241.1789]
MA_Schmidt          214.8238 [201.7831; 227.8645]
MA_StamenkovicRadak 243.9125 [227.8043; 260.0206]
MA_Zwaan            228.0276 [221.6744; 234.3807]
MA_Gibert           220.0428 [214.9962; 225.0893]
MA_Hoedjes          233.2001 [228.3729; 238.0273]
MA_Schmidt          222.6488 [211.5359; 233.7618]
MA_StamenkovicRadak 234.3725 [218.0642; 250.6807]
MA_Zwaan            223.8576 [217.5044; 230.2107]
UM_Gibert           223.7565 [218.6884; 228.8246]
UM_Hoedjes          230.9383 [226.0902; 235.7865]
UM_Schmidt          215.3238 [202.3297; 228.3178]
UM_StamenkovicRadak 247.6713 [231.0050; 264.3376]
UM_Zwaan            219.0740 [212.9432; 225.2049]
UM_Gibert           219.1265 [214.2676; 223.9855]
UM_Hoedjes          229.3993 [223.9933; 234.8054]
UM_Schmidt          210.6538 [197.1858; 224.1217]
UM_StamenkovicRadak 256.3513 [239.8301; 272.8725]
UM_Zwaan            224.1920 [218.0843; 230.2998]
UM_Gibert           215.0355 [209.9088; 220.1622]
UM_Hoedjes          233.4293 [228.4853; 238.3733]
UM_Schmidt          213.3178 [201.2705; 225.3650]
UM_StamenkovicRadak 249.9033 [232.9565; 266.8501]
UM_Zwaan            229.2290 [223.3025; 235.1556]
UM_Gibert           226.9985 [222.2158; 231.7812]
UM_Hoedjes          230.3513 [225.1833; 235.5194]
UM_Schmidt          227.4228 [215.3755; 239.4700]
UM_StamenkovicRadak 286.3563 [270.0675; 302.6451]
UM_Zwaan            219.0170 [213.5352; 224.4989]
UM_Gibert           220.8855 [215.7664; 226.0047]
UM_Hoedjes          233.0213 [227.9196; 238.1231]
UM_Schmidt          231.5108 [219.4635; 243.5580]
UM_StamenkovicRadak 265.6953 [248.2554; 283.1352]
UM_Zwaan            223.3280 [217.2473; 229.4088]
UM_Gibert           226.3455 [221.3355; 231.3555]
UM_Hoedjes          232.8363 [227.7973; 237.8754]
UM_Schmidt          254.7918 [241.7977; 267.7858]
UM_StamenkovicRadak 242.7243 [226.1225; 259.3260]
UM_Zwaan            221.8530 [215.6565; 228.0496]
UM_Gibert           236.4755 [231.2669; 241.6841]
UM_Schmidt          227.2238 [214.5851; 239.8625]
UM_StamenkovicRadak 246.5363 [230.2267; 262.8458]
UM_Zwaan            226.7810 [220.4958; 233.0663]
UM_Gibert           227.4055 [221.8944; 232.9166]
UM_Hoedjes          232.7403 [227.6963; 237.7843]
UM_Schmidt          215.1968 [201.7288; 228.6647]
UM_StamenkovicRadak 234.9243 [218.4015; 251.4471]
UM_Zwaan            223.1200 [216.9973; 229.2427]
UM_StamenkovicRadak 243.2583 [226.8463; 259.6703]
UM_Gibert           223.4095 [218.5693; 228.2497]
UM_Hoedjes          237.2083 [232.4311; 241.9856]
UM_Schmidt          236.7728 [223.3048; 250.2407]
UM_StamenkovicRadak 241.6623 [225.4580; 257.8665]
UM_Zwaan            224.6810 [218.6353; 230.7268]
UM_Gibert           225.5875 [220.6659; 230.5091]
UM_Hoedjes          229.7503 [224.8568; 234.6439]
UM_StamenkovicRadak 242.3613 [226.0245; 258.6980]
UM_Zwaan            218.9810 [212.9992; 224.9629]
UM_Gibert           231.9585 [227.0340; 236.8830]
UM_Hoedjes          229.7983 [224.7247; 234.8720]
UM_Schmidt          215.4878 [203.1247; 227.8509]
UM_StamenkovicRadak 263.0573 [246.7205; 279.3940]
UM_Zwaan            220.2860 [213.7564; 226.8157]
UM_Gibert           220.3705 [215.3248; 225.4162]
UM_Hoedjes          225.0583 [220.3387; 229.7780]
UM_Schmidt          194.7908 [180.2091; 209.3724]
UM_StamenkovicRadak 279.3083 [263.1598; 295.4568]
UM_Zwaan            218.9050 [212.4071; 225.4030]
UM_Gibert           227.4485 [222.4504; 232.4466]
UM_Hoedjes          233.0413 [227.9875; 238.0952]
UM_Schmidt          226.9498 [214.3111; 239.5885]
UM_StamenkovicRadak 261.6423 [245.2815; 278.0030]
UM_Zwaan            214.6350 [208.8830; 220.3870]
UM_Gibert           224.5945 [219.5682; 229.6208]
UM_Hoedjes          231.7873 [227.1075; 236.4671]
UM_Schmidt          230.9998 [217.2292; 244.7703]
UM_StamenkovicRadak 254.3813 [238.1021; 270.6605]
UM_Zwaan            226.1170 [219.7588; 232.4753]
UM_Gibert           220.9875 [216.0674; 225.9076]
UM_Hoedjes          234.4633 [229.5242; 239.4025]
UM_StamenkovicRadak 237.7193 [221.6105; 253.8281]
UM_Zwaan            222.0790 [216.1104; 228.0477]
UM_Gibert           230.4295 [226.1693; 234.6897]
UM_Hoedjes          229.5513 [224.5844; 234.5182]
UM_Schmidt          205.7328 [192.2648; 219.2007]
UM_StamenkovicRadak 252.7363 [236.4746; 268.9979]
UM_Zwaan            214.3570 [208.2601; 220.4540]
UM_Gibert           232.2115 [227.2680; 237.1551]
UM_Hoedjes          233.4473 [227.4886; 239.4061]
UM_Zwaan            226.6760 [220.7665; 232.5856]
UM_Gibert           225.7135 [220.9079; 230.5191]
UM_Hoedjes          240.4983 [235.5690; 245.4277]
UM_Schmidt          226.5518 [213.0838; 240.0197]
UM_StamenkovicRadak 246.2193 [229.6772; 262.7614]
UM_Zwaan            228.9710 [223.0379; 234.9041]
KA_Gibert           219.4558 [214.1468; 224.7649]
KA_Hoedjes          227.1003 [222.1985; 232.0022]
KA_Schmidt          205.9974 [194.7319; 217.2628]
KA_StamenkovicRadak 226.2186 [209.8755; 242.5617]
KA_Zwaan            219.6945 [214.3495; 225.0395]
KA_Gibert           222.5908 [217.4540; 227.7277]
KA_Hoedjes          237.5333 [232.7930; 242.2737]
KA_Schmidt          218.3534 [206.5548; 230.1519]
KA_StamenkovicRadak 216.7336 [200.6124; 232.8549]
KA_Zwaan            244.1185 [238.1330; 250.1041]
KA_Gibert           221.9558 [217.7861; 226.1256]
KA_Hoedjes          232.4963 [227.9819; 237.0108]
KA_Schmidt          220.3894 [209.3199; 231.4589]
KA_StamenkovicRadak 232.3976 [216.3409; 248.4544]
KA_Zwaan            224.8475 [218.8037; 230.8913]
KA_Gibert           222.7818 [217.7528; 227.8109]
KA_Hoedjes          231.8263 [226.9462; 236.7064]
KA_Schmidt          212.5874 [200.7888; 224.3859]
KA_StamenkovicRadak 228.5136 [212.3585; 244.6688]
KA_Zwaan            226.5545 [220.3631; 232.7460]
KA_Gibert           230.7698 [225.9742; 235.5655]
KA_Hoedjes          236.0723 [231.3749; 240.7698]
KA_Schmidt          248.0514 [227.8914; 268.2113]
KA_StamenkovicRadak 222.6406 [206.4758; 238.8055]
KA_Zwaan            221.2355 [213.8508; 228.6203]
KA_Gibert           221.2858 [216.5035; 226.0682]
KA_Hoedjes          232.0693 [227.4899; 236.6488]
KA_Schmidt          217.8474 [202.6278; 233.0669]
KA_StamenkovicRadak 224.7386 [208.6367; 240.8405]
KA_Zwaan            228.0335 [222.0033; 234.0637]
KA_Gibert           216.6748 [211.7204; 221.6293]
KA_Hoedjes          230.2333 [225.3214; 235.1452]
KA_Schmidt          218.4874 [205.8046; 231.1702]
KA_StamenkovicRadak 225.0316 [208.9330; 241.1303]
KA_Zwaan            220.2035 [214.0981; 226.3090]
KA_Gibert           215.9728 [211.1520; 220.7937]
KA_Hoedjes          227.5773 [222.5729; 232.5818]
KA_Schmidt          226.1924 [214.2162; 238.1686]
KA_StamenkovicRadak 236.8646 [220.4630; 253.2662]
KA_Zwaan            228.2545 [222.2892; 234.2199]
KA_Gibert           222.4458 [217.5126; 227.3791]
KA_Hoedjes          227.4743 [222.4141; 232.5346]
KA_Schmidt          248.9494 [235.5609; 262.3378]
KA_StamenkovicRadak 227.8606 [211.5273; 244.1940]
KA_Zwaan            225.1315 [218.9902; 231.2729]
KA_Gibert           227.0638 [222.1457; 231.9820]
KA_Hoedjes          234.5103 [229.6936; 239.3270]
KA_Schmidt          211.3094 [199.8065; 222.8122]
KA_StamenkovicRadak 236.0466 [219.9109; 252.1824]
KA_Zwaan            221.5615 [216.1658; 226.9572]
KA_Gibert           219.4818 [214.6117; 224.3519]
KA_Hoedjes          228.6233 [223.5631; 233.6836]
KA_Schmidt          235.5974 [223.4190; 247.7758]
KA_StamenkovicRadak 216.9496 [200.9347; 232.9645]
KA_Zwaan            220.5445 [214.3712; 226.7179]
KA_Gibert           219.7628 [214.9390; 224.5867]
KA_Hoedjes          228.5963 [223.6441; 233.5485]
KA_Schmidt          209.2814 [196.8697; 221.6930]
KA_StamenkovicRadak 242.6246 [226.5631; 258.6862]
KA_Zwaan            228.8505 [222.6269; 235.0742]
KA_Gibert           226.6108 [221.6715; 231.5501]
KA_Hoedjes          232.2063 [227.3162; 237.0965]
KA_Schmidt          227.2634 [214.8517; 239.6750]
KA_StamenkovicRadak 223.8036 [207.7775; 239.8298]
KA_Zwaan            222.7195 [216.7569; 228.6822]
KA_Gibert           221.3148 [216.4612; 226.1685]
KA_Hoedjes          233.5593 [228.8074; 238.3113]
KA_Schmidt          224.6704 [211.2819; 238.0588]
KA_StamenkovicRadak 269.5696 [253.4129; 285.7264]
KA_Zwaan            224.6905 [218.5186; 230.8625]
KA_Gibert           224.5678 [219.7127; 229.4230]
KA_Hoedjes          229.2123 [224.5708; 233.8539]
KA_Schmidt          207.8444 [193.9846; 221.7041]
KA_StamenkovicRadak 223.7866 [207.7460; 239.8273]
KA_Zwaan            212.6115 [206.0678; 219.1553]
KA_Gibert           218.1688 [213.1962; 223.1415]
KA_Hoedjes          226.4733 [221.0740; 231.8726]
KA_Schmidt          212.3354 [200.3592; 224.3116]
KA_StamenkovicRadak 234.0036 [217.7627; 250.2445]
KA_Zwaan            215.1665 [208.9387; 221.3944]
KA_Gibert           229.1448 [224.0713; 234.2184]
KA_Hoedjes          234.7863 [229.9846; 239.5880]
KA_Schmidt          213.2734 [202.5667; 223.9800]
KA_StamenkovicRadak 232.0116 [215.8112; 248.2121]
KA_Zwaan            216.9115 [210.9502; 222.8728]
KA_Gibert           230.3408 [225.3667; 235.3150]
KA_Hoedjes          227.1043 [222.2693; 231.9393]
KA_StamenkovicRadak 224.7786 [208.7058; 240.8515]
KA_Zwaan            219.7225 [213.8609; 225.5841]
KA_Gibert           231.6398 [226.7862; 236.4935]
KA_Hoedjes          228.4983 [223.7348; 233.2619]
KA_Schmidt          201.7934 [188.4049; 215.1818]
KA_StamenkovicRadak 210.4386 [194.1929; 226.6844]
KA_Zwaan            224.1745 [217.8090; 230.5400]
KA_Gibert           225.1278 [220.0773; 230.1783]
KA_Hoedjes          236.0123 [231.2868; 240.7378]
KA_Schmidt          220.2964 [208.3202; 232.2726]
KA_StamenkovicRadak 228.0016 [211.8465; 244.1568]
KA_Zwaan            221.3635 [215.4901; 227.2370]
VA_Gibert           219.6304 [214.6018; 224.6590]
VA_Hoedjes          230.7634 [225.9530; 235.5738]
VA_Schmidt          208.0864 [196.4962; 219.6767]
VA_StamenkovicRadak 243.0033 [226.7818; 259.2248]
VA_Zwaan            223.4823 [217.9827; 228.9819]
VA_Gibert           226.4074 [220.9917; 231.8232]
VA_Hoedjes          239.8294 [234.8402; 244.8186]
VA_Schmidt          305.9784 [293.6164; 318.3405]
VA_StamenkovicRadak 235.1923 [219.0958; 251.2888]
VA_Zwaan            219.6773 [213.3285; 226.0260]
VA_Gibert           222.5444 [217.5158; 227.5730]
VA_Hoedjes          230.5974 [224.7982; 236.3966]
VA_Schmidt          221.9484 [209.5864; 234.3105]
VA_Zwaan            219.3413 [213.1811; 225.5014]
VA_Gibert           222.2484 [217.5143; 226.9826]
VA_Hoedjes          228.1154 [223.3480; 232.8827]
VA_Schmidt          252.2454 [227.5049; 276.9860]
VA_StamenkovicRadak 244.9403 [228.5369; 261.3437]
VA_Zwaan            222.6793 [216.7542; 228.6043]
VA_Gibert           220.2054 [215.2950; 225.1159]
VA_Hoedjes          233.7114 [228.3991; 239.0237]
VA_Schmidt          242.0104 [226.8312; 257.1896]
VA_StamenkovicRadak 278.2203 [261.8314; 294.6091]
VA_Zwaan            220.5913 [214.5952; 226.5873]
VA_Gibert           234.4224 [229.4652; 239.3796]
VA_Hoedjes          228.7014 [224.0705; 233.3323]
VA_Schmidt          232.8164 [216.5948; 249.0380]
VA_StamenkovicRadak 241.6743 [225.3064; 258.0422]
VA_Zwaan            233.8203 [227.8053; 239.8352]
VA_Gibert           223.9114 [218.8905; 228.9324]
VA_Hoedjes          226.0954 [221.3330; 230.8577]
VA_Schmidt          231.3494 [216.9405; 245.7584]
VA_StamenkovicRadak 251.9053 [235.7399; 268.0707]
VA_Zwaan            228.7873 [222.4642; 235.1103]
VA_Gibert           223.3924 [218.4534; 228.3315]
VA_Hoedjes          230.5264 [225.7027; 235.3501]
VA_Schmidt          240.9504 [227.1350; 254.7659]
VA_StamenkovicRadak 245.0063 [228.6835; 261.3291]
VA_Zwaan            232.6723 [226.8342; 238.5103]
VA_Gibert           219.0104 [213.9375; 224.0834]
VA_Hoedjes          233.3534 [228.6224; 238.0844]
VA_Schmidt          238.7614 [226.8366; 250.6863]
VA_StamenkovicRadak 247.6893 [231.0284; 264.3502]
VA_Zwaan            232.4373 [225.9430; 238.9315]
VA_Gibert           217.2544 [212.9449; 221.5640]
VA_Hoedjes          229.0654 [224.2931; 233.8377]
VA_Schmidt          316.5394 [302.7240; 330.3549]
VA_StamenkovicRadak 270.7783 [254.1564; 287.4002]
VA_Zwaan            223.6493 [217.4474; 229.8512]
VA_Gibert           227.3044 [222.2130; 232.3959]
VA_Hoedjes          226.3494 [221.4991; 231.1997]
VA_Schmidt          218.4484 [207.5199; 229.3770]
VA_StamenkovicRadak 244.1323 [227.8658; 260.3988]
VA_Zwaan            224.7153 [218.6268; 230.8037]
VA_Gibert           230.4604 [225.4821; 235.4388]
VA_Hoedjes          225.1204 [220.1547; 230.0860]
VA_Schmidt          234.6334 [222.7086; 246.5583]
VA_StamenkovicRadak 258.7583 [241.3175; 276.1991]
VA_Zwaan            222.9593 [215.4292; 230.4893]
VA_Gibert           218.5264 [213.6385; 223.4144]
VA_Hoedjes          222.3884 [217.4462; 227.3306]
VA_Schmidt          301.4454 [283.7185; 319.1724]
VA_StamenkovicRadak 242.0053 [225.7998; 258.2107]
VA_Zwaan            222.5773 [216.6349; 228.5196]
VA_Gibert           232.3824 [227.4554; 237.3095]
VA_Hoedjes          228.9594 [224.2711; 233.6476]
VA_Schmidt          215.7244 [203.3624; 228.0865]
VA_StamenkovicRadak 276.9453 [260.8056; 293.0850]
VA_Zwaan            221.2273 [214.5119; 227.9426]
VA_Gibert           223.6304 [218.5881; 228.6728]
VA_Hoedjes          236.2844 [231.2800; 241.2887]
VA_Schmidt          238.2434 [225.2870; 251.1999]
VA_StamenkovicRadak 239.4933 [223.2702; 255.7164]
VA_Zwaan            227.5183 [221.1980; 233.8385]
VA_Gibert           225.2724 [219.5417; 231.0031]
VA_Hoedjes          226.4534 [221.6678; 231.2389]
VA_Schmidt          300.4504 [280.3210; 320.5799]
VA_StamenkovicRadak 243.7113 [227.5042; 259.9183]
VA_Zwaan            226.5463 [220.6767; 232.4158]
VA_Gibert           225.5534 [220.5917; 230.5152]
VA_Hoedjes          234.6614 [229.6520; 239.6708]
VA_Schmidt          241.4794 [227.6640; 255.2949]
VA_StamenkovicRadak 267.6203 [251.5493; 283.6913]
VA_Zwaan            232.1763 [225.9126; 238.4399]
VA_Gibert           218.7024 [213.1133; 224.2916]
VA_Hoedjes          228.7594 [223.1039; 234.4148]
VA_Schmidt          218.1444 [205.7824; 230.5065]
VA_StamenkovicRadak 262.4023 [246.1503; 278.6543]
VA_Zwaan            221.8903 [215.4828; 228.2977]
VA_Gibert           221.0884 [216.2154; 225.9615]
VA_Hoedjes          227.2794 [222.3422; 232.2165]
VA_Schmidt          230.1894 [213.9678; 246.4110]
VA_StamenkovicRadak 244.7873 [228.5369; 261.0377]
VA_Zwaan            222.2743 [216.3942; 228.1543]
VA_Gibert           225.8394 [220.8337; 230.8452]
VA_Hoedjes          230.5934 [225.7198; 235.4670]
VA_Schmidt          223.1044 [211.7802; 234.4287]
VA_StamenkovicRadak 245.5783 [229.2957; 261.8608]
VA_Zwaan            219.9453 [214.0915; 225.7990]
AK_Gibert           209.4727 [204.6104; 214.3349]
AK_Grath            307.6117 [301.7309; 313.4926]
AK_Hoedjes          228.4301 [223.7611; 233.0992]
AK_Schmidt          233.5335 [222.8917; 244.1754]
AK_StamenkovicRadak 234.0015 [217.7135; 250.2895]
AK_Zwaan            214.3951 [208.7034; 220.0869]
AK_Gibert           219.5527 [214.7040; 224.4013]
AK_Hoedjes          225.1651 [220.5240; 229.8062]
AK_Schmidt          216.5565 [205.2354; 227.8777]
AK_StamenkovicRadak 257.2015 [240.9907; 273.4122]
AK_Zwaan            221.6801 [215.7938; 227.5665]
AK_Gibert           225.7147 [220.9488; 230.4805]
AK_Hoedjes          232.7071 [227.9869; 237.4274]
AK_Schmidt          225.4795 [212.2469; 238.7122]
AK_StamenkovicRadak 238.1795 [222.0810; 254.2779]
AK_Zwaan            222.0771 [215.9703; 228.1839]
AK_Gibert           219.6937 [215.6313; 223.7560]
AK_Grath            309.2777 [303.7785; 314.7769]
AK_Hoedjes          228.7991 [224.2252; 233.3730]
AK_Schmidt          208.4235 [196.6217; 220.2253]
AK_StamenkovicRadak 244.8795 [228.7538; 261.0052]
AK_Zwaan            220.4451 [214.3245; 226.5658]
AK_Gibert           224.9327 [220.1398; 229.7255]
AK_Hoedjes          234.9981 [230.3849; 239.6113]
AK_Schmidt          218.8035 [205.0942; 232.5129]
AK_Zwaan            223.2431 [217.0822; 229.4040]
AK_Gibert           227.3747 [222.4835; 232.2658]
AK_Grath            309.6497 [303.8775; 315.4219]
AK_Hoedjes          237.2541 [232.5686; 241.9397]
AK_Schmidt          217.2175 [203.5082; 230.9269]
AK_Zwaan            221.1221 [215.0661; 227.1781]
AK_Gibert           219.8697 [214.8387; 224.9006]
AK_Grath            309.3917 [303.5477; 315.2357]
AK_Hoedjes          233.7881 [228.9548; 238.6215]
AK_Schmidt          249.9905 [236.2812; 263.6999]
AK_StamenkovicRadak 223.0695 [206.5617; 239.5772]
AK_Zwaan            220.3461 [214.3662; 226.3261]
AK_Gibert           219.0267 [214.2623; 223.7910]
AK_Hoedjes          229.6741 [224.9820; 234.3663]
AK_Schmidt          207.1135 [194.8701; 219.3569]
AK_StamenkovicRadak 223.7455 [207.7829; 239.7081]
AK_Zwaan            219.0101 [213.0839; 224.9364]
AK_Gibert           215.4427 [210.5317; 220.3536]
AK_Grath            313.6007 [307.8618; 319.3396]
AK_Hoedjes          228.1661 [223.3244; 233.0078]
AK_Schmidt          203.2765 [191.9554; 214.5977]
AK_StamenkovicRadak 228.0125 [211.8868; 244.1382]
AK_Zwaan            219.6751 [213.6735; 225.6767]
AK_Gibert           227.7977 [222.7512; 232.8442]
AK_Hoedjes          238.5091 [233.8582; 243.1601]
AK_Schmidt          223.4935 [209.1862; 237.8008]
AK_StamenkovicRadak 231.9385 [215.5359; 248.3410]
AK_Zwaan            222.5511 [216.0682; 229.0340]
AK_StamenkovicRadak 256.0505 [239.9168; 272.1842]
AK_Gibert           222.7857 [217.9370; 227.6343]
AK_Hoedjes          227.6051 [222.8997; 232.3105]
AK_Schmidt          204.5505 [192.9291; 216.1720]
AK_StamenkovicRadak 231.7505 [215.5221; 247.9789]
AK_Zwaan            212.9391 [207.2928; 218.5854]
AK_Gibert           223.7877 [218.9314; 228.6439]
AK_Hoedjes          232.2721 [227.6113; 236.9329]
AK_Schmidt          212.8735 [199.6409; 226.1062]
AK_StamenkovicRadak 232.0705 [215.8388; 248.3021]
AK_Zwaan            225.5871 [219.2413; 231.9329]
AK_Gibert           226.0507 [221.1686; 230.9327]
AK_Grath            307.9787 [302.2398; 313.7176]
AK_Hoedjes          232.4751 [227.7084; 237.2418]
AK_Schmidt          255.1655 [240.8582; 269.4728]
AK_StamenkovicRadak 247.7555 [231.5865; 263.9245]
AK_Zwaan            219.8901 [213.5171; 226.2631]
AK_Gibert           221.1357 [216.2870; 225.9843]
AK_Hoedjes          228.7381 [223.7873; 233.6889]
AK_Schmidt          214.0625 [198.9798; 229.1452]
AK_StamenkovicRadak 240.0735 [223.7355; 256.4114]
AK_Zwaan            219.7211 [213.7358; 225.7064]
AK_Gibert           228.0017 [223.0232; 232.9801]
AK_Grath            308.3417 [302.5695; 314.1139]
AK_Hoedjes          229.9541 [225.0588; 234.8494]
AK_Schmidt          207.6225 [196.3014; 218.9437]
AK_StamenkovicRadak 229.6595 [213.4327; 245.8863]
AK_Zwaan            221.3491 [215.0575; 227.6407]
AK_Gibert           226.2887 [221.6060; 230.9713]
AK_Hoedjes          229.8311 [225.0028; 234.6594]
AK_Schmidt          206.1985 [194.5771; 217.8200]
AK_StamenkovicRadak 233.0865 [216.6807; 249.4923]
AK_Zwaan            223.5761 [217.6069; 229.5453]
AK_Gibert           221.7147 [216.7022; 226.7271]
AK_Grath            310.2277 [304.4888; 315.9666]
AK_Hoedjes          236.8731 [232.0348; 241.7115]
AK_Schmidt          208.4975 [196.2541; 220.7409]
AK_StamenkovicRadak 237.7675 [221.5776; 253.9574]
AK_Zwaan            223.6931 [217.5253; 229.8609]
AK_Gibert           219.9057 [214.9825; 224.8288]
AK_Hoedjes          226.0511 [221.3060; 230.7962]
AK_Schmidt          212.5305 [198.2232; 226.8378]
AK_StamenkovicRadak 245.3175 [229.1902; 261.4448]
AK_Zwaan            217.2591 [211.3195; 223.1987]
AK_Gibert           227.9627 [223.1653; 232.7600]
AK_Grath            311.7497 [306.4660; 317.0335]
AK_Hoedjes          234.8121 [230.2022; 239.4220]
AK_Schmidt          232.9495 [219.7169; 246.1822]
AK_StamenkovicRadak 246.8425 [230.4836; 263.2014]
AK_Zwaan            220.0191 [214.1288; 225.9094]
AK_Gibert           221.0817 [216.4314; 225.7319]
AK_Grath            308.4277 [302.7536; 314.1018]
AK_Hoedjes          229.4591 [224.7239; 234.1943]
AK_Schmidt          204.4315 [193.3517; 215.5114]
AK_StamenkovicRadak 233.4435 [217.3466; 249.5403]
AK_Zwaan            226.3841 [220.4445; 232.3237]
                    %W(random) Line
YE_Gibert                  0.1 YE11
YE_Hoedjes                 0.1 YE11
YE_Schmidt                 0.1 YE11
YE_StamenkovicRadak        0.1 YE11
YE_Zwaan                   0.1 YE11
YE_Gibert                  0.1 YE13
YE_Hoedjes                 0.1 YE13
YE_Schmidt                 0.1 YE13
YE_StamenkovicRadak        0.1 YE13
YE_Zwaan                   0.1 YE13
YE_Gibert                  0.1 YE14
YE_Hoedjes                 0.1 YE14
YE_Schmidt                 0.1 YE14
YE_StamenkovicRadak        0.1 YE14
YE_Zwaan                   0.1 YE14
YE_Gibert                  0.1 YE15
YE_Hoedjes                 0.1 YE15
YE_Schmidt                 0.1 YE15
YE_StamenkovicRadak        0.1 YE15
YE_Zwaan                   0.1 YE15
YE_Gibert                  0.1 YE19
YE_Hoedjes                 0.1 YE19
YE_Schmidt                 0.1 YE19
YE_StamenkovicRadak        0.1 YE19
YE_Zwaan                   0.1 YE19
YE_Gibert                  0.1 YE20
YE_Hoedjes                 0.1 YE20
YE_Schmidt                 0.1 YE20
YE_StamenkovicRadak        0.1 YE20
YE_Zwaan                   0.1 YE20
YE_Gibert                  0.1 YE21
YE_Hoedjes                 0.1 YE21
YE_Schmidt                 0.1 YE21
YE_StamenkovicRadak        0.1 YE21
YE_Zwaan                   0.1 YE21
YE_Gibert                  0.1 YE22
YE_Hoedjes                 0.1 YE22
YE_Schmidt                 0.1 YE22
YE_StamenkovicRadak        0.1 YE22
YE_Zwaan                   0.1 YE22
YE_Gibert                  0.1 YE23
YE_Hoedjes                 0.1 YE23
YE_Schmidt                 0.1 YE23
YE_StamenkovicRadak        0.1 YE23
YE_Zwaan                   0.1 YE23
YE_Gibert                  0.1 YE24
YE_Hoedjes                 0.1 YE24
YE_Schmidt                 0.1 YE24
YE_StamenkovicRadak        0.1 YE24
YE_Zwaan                   0.1 YE24
YE_Gibert                  0.1 YE26
YE_Hoedjes                 0.1 YE26
YE_Schmidt                 0.1 YE26
YE_StamenkovicRadak        0.1 YE26
YE_Zwaan                   0.1 YE26
YE_Gibert                  0.1 YE27
YE_Hoedjes                 0.1 YE27
YE_Schmidt                 0.1 YE27
YE_StamenkovicRadak        0.1 YE27
YE_Zwaan                   0.1 YE27
YE_Gibert                  0.1 YE33
YE_Hoedjes                 0.1 YE33
YE_Schmidt                 0.1 YE33
YE_StamenkovicRadak        0.1 YE33
YE_Zwaan                   0.1 YE33
YE_Gibert                  0.1 YE40
YE_Hoedjes                 0.1 YE40
YE_Schmidt                 0.1 YE40
YE_StamenkovicRadak        0.1 YE40
YE_Zwaan                   0.1 YE40
YE_Gibert                  0.1 YE41
YE_Hoedjes                 0.1 YE41
YE_Schmidt                 0.1 YE41
YE_StamenkovicRadak        0.1 YE41
YE_Zwaan                   0.1 YE41
YE_Gibert                  0.1 YE48
YE_Hoedjes                 0.1 YE48
YE_Schmidt                 0.1 YE48
YE_StamenkovicRadak        0.1 YE48
YE_Zwaan                   0.1 YE48
YE_Gibert                  0.1 YE49
YE_Hoedjes                 0.1 YE49
YE_Schmidt                 0.1 YE49
YE_StamenkovicRadak        0.1 YE49
YE_Zwaan                   0.1 YE49
YE_Gibert                  0.1 YE51
YE_Hoedjes                 0.1 YE51
YE_Schmidt                 0.1 YE51
YE_StamenkovicRadak        0.1 YE51
YE_Zwaan                   0.1 YE51
YE_Gibert                  0.1 YE69
YE_Hoedjes                 0.1 YE69
YE_Schmidt                 0.1 YE69
YE_StamenkovicRadak        0.1 YE69
YE_Zwaan                   0.1 YE69
YE_Gibert                  0.1 YE80
YE_Hoedjes                 0.1 YE80
YE_Schmidt                 0.1 YE80
YE_StamenkovicRadak        0.1 YE80
YE_Zwaan                   0.1 YE80
RE_Gibert                  0.1  RE1
RE_StamenkovicRadak        0.1  RE1
RE_Zwaan                   0.1  RE1
RE_Gibert                  0.1 RE10
RE_Hoedjes                 0.1 RE10
RE_Schmidt                 0.1 RE10
RE_StamenkovicRadak        0.1 RE10
RE_Zwaan                   0.1 RE10
RE_Gibert                  0.1 RE11
RE_Hoedjes                 0.1 RE11
RE_Schmidt                 0.1 RE11
RE_StamenkovicRadak        0.1 RE11
RE_Zwaan                   0.1 RE11
RE_Gibert                  0.1 RE12
RE_Hoedjes                 0.1 RE12
RE_Schmidt                 0.1 RE12
RE_StamenkovicRadak        0.1 RE12
RE_Zwaan                   0.1 RE12
RE_Gibert                  0.1 RE13
RE_Hoedjes                 0.1 RE13
RE_Schmidt                 0.1 RE13
RE_StamenkovicRadak        0.1 RE13
RE_Zwaan                   0.1 RE13
RE_Gibert                  0.1 RE15
RE_Hoedjes                 0.1 RE15
RE_Schmidt                 0.1 RE15
RE_StamenkovicRadak        0.1 RE15
RE_Zwaan                   0.1 RE15
RE_Gibert                  0.1 RE16
RE_Hoedjes                 0.1 RE16
RE_Schmidt                 0.1 RE16
RE_StamenkovicRadak        0.1 RE16
RE_Zwaan                   0.1 RE16
RE_Gibert                  0.1 RE17
RE_Hoedjes                 0.1 RE17
RE_Schmidt                 0.1 RE17
RE_StamenkovicRadak        0.1 RE17
RE_Zwaan                   0.1 RE17
RE_Gibert                  0.1 RE18
RE_Hoedjes                 0.1 RE18
RE_Schmidt                 0.1 RE18
RE_StamenkovicRadak        0.1 RE18
RE_Zwaan                   0.1 RE18
RE_Gibert                  0.1  RE2
RE_Hoedjes                 0.1  RE2
RE_Schmidt                 0.1  RE2
RE_StamenkovicRadak        0.1  RE2
RE_Zwaan                   0.1  RE2
RE_Gibert                  0.1  RE3
RE_Grath                   0.1  RE3
RE_Hoedjes                 0.1  RE3
RE_Schmidt                 0.1  RE3
RE_StamenkovicRadak        0.1  RE3
RE_Zwaan                   0.1  RE3
RE_Gibert                  0.1  RE4
RE_Hoedjes                 0.1  RE4
RE_Schmidt                 0.1  RE4
RE_StamenkovicRadak        0.1  RE4
RE_Zwaan                   0.1  RE4
RE_Gibert                  0.1  RE5
RE_Hoedjes                 0.1  RE5
RE_Schmidt                 0.1  RE5
RE_StamenkovicRadak        0.1  RE5
RE_Zwaan                   0.1  RE5
RE_Gibert                  0.1  RE6
RE_Hoedjes                 0.1  RE6
RE_Schmidt                 0.1  RE6
RE_StamenkovicRadak        0.1  RE6
RE_Zwaan                   0.1  RE6
RE_Gibert                  0.1  RE7
RE_Grath                   0.1  RE7
RE_Hoedjes                 0.1  RE7
RE_Schmidt                 0.1  RE7
RE_StamenkovicRadak        0.1  RE7
RE_Zwaan                   0.1  RE7
RE_Gibert                  0.1  RE8
RE_Grath                   0.1  RE8
RE_Hoedjes                 0.1  RE8
RE_Schmidt                 0.1  RE8
RE_StamenkovicRadak        0.1  RE8
RE_Zwaan                   0.1  RE8
GI_Gibert                  0.1  GI1
GI_Hoedjes                 0.1  GI1
GI_Schmidt                 0.1  GI1
GI_StamenkovicRadak        0.1  GI1
GI_Zwaan                   0.1  GI1
GI_Gibert                  0.1 GI10
GI_Hoedjes                 0.1 GI10
GI_Schmidt                 0.1 GI10
GI_StamenkovicRadak        0.1 GI10
GI_Zwaan                   0.1 GI10
GI_Gibert                  0.1 GI11
GI_Hoedjes                 0.1 GI11
GI_Schmidt                 0.1 GI11
GI_StamenkovicRadak        0.1 GI11
GI_Zwaan                   0.1 GI11
GI_Gibert                  0.1 GI12
GI_Hoedjes                 0.1 GI12
GI_Schmidt                 0.1 GI12
GI_StamenkovicRadak        0.1 GI12
GI_Zwaan                   0.1 GI12
GI_Gibert                  0.1 GI13
GI_Hoedjes                 0.1 GI13
GI_Schmidt                 0.1 GI13
GI_Zwaan                   0.1 GI13
GI_Gibert                  0.1 GI14
GI_Hoedjes                 0.1 GI14
GI_StamenkovicRadak        0.1 GI14
GI_Zwaan                   0.1 GI14
GI_Gibert                  0.1 GI15
GI_Hoedjes                 0.1 GI15
GI_Schmidt                 0.1 GI15
GI_Zwaan                   0.1 GI15
GI_Gibert                  0.1  GI2
GI_Hoedjes                 0.1  GI2
GI_Schmidt                 0.1  GI2
GI_StamenkovicRadak        0.1  GI2
GI_Zwaan                   0.1  GI2
GI_Gibert                  0.1  GI3
GI_Hoedjes                 0.1  GI3
GI_Schmidt                 0.1  GI3
GI_StamenkovicRadak        0.1  GI3
GI_Zwaan                   0.1  GI3
GI_Gibert                  0.1  GI4
GI_Hoedjes                 0.1  GI4
GI_StamenkovicRadak        0.1  GI4
GI_Zwaan                   0.1  GI4
GI_Gibert                  0.1  GI5
GI_Hoedjes                 0.1  GI5
GI_Schmidt                 0.1  GI5
GI_StamenkovicRadak        0.1  GI5
GI_Zwaan                   0.1  GI5
GI_Gibert                  0.1  GI6
GI_Hoedjes                 0.1  GI6
GI_StamenkovicRadak        0.1  GI6
GI_Zwaan                   0.1  GI6
GI_Gibert                  0.1  GI7
GI_Hoedjes                 0.1  GI7
GI_StamenkovicRadak        0.1  GI7
GI_Zwaan                   0.1  GI7
GI_Gibert                  0.1  GI8
GI_Hoedjes                 0.1  GI8
GI_Schmidt                 0.1  GI8
GI_StamenkovicRadak        0.1  GI8
GI_Zwaan                   0.1  GI8
GI_Gibert                  0.1  GI9
GI_Hoedjes                 0.1  GI9
GI_Schmidt                 0.1  GI9
GI_StamenkovicRadak        0.1  GI9
GI_Zwaan                   0.1  GI9
MU_Gibert                  0.1  MU1
MU_Hoedjes                 0.1  MU1
MU_Schmidt                 0.1  MU1
MU_StamenkovicRadak        0.1  MU1
MU_Zwaan                   0.1  MU1
MU_Gibert                  0.1 MU10
MU_Grath                   0.1 MU10
MU_Hoedjes                 0.1 MU10
MU_Schmidt                 0.1 MU10
MU_StamenkovicRadak        0.1 MU10
MU_Zwaan                   0.1 MU10
MU_Gibert                  0.1 MU11
MU_Hoedjes                 0.1 MU11
MU_Schmidt                 0.1 MU11
MU_StamenkovicRadak        0.1 MU11
MU_Zwaan                   0.1 MU11
MU_Gibert                  0.1 MU12
MU_Hoedjes                 0.1 MU12
MU_Schmidt                 0.1 MU12
MU_StamenkovicRadak        0.1 MU12
MU_Zwaan                   0.1 MU12
MU_Gibert                  0.1 MU13
MU_Grath                   0.1 MU13
MU_Hoedjes                 0.1 MU13
MU_Schmidt                 0.1 MU13
MU_StamenkovicRadak        0.1 MU13
MU_Zwaan                   0.1 MU13
MU_Gibert                  0.1 MU14
MU_Grath                   0.1 MU14
MU_Hoedjes                 0.1 MU14
MU_Schmidt                 0.1 MU14
MU_StamenkovicRadak        0.1 MU14
MU_Zwaan                   0.1 MU14
MU_Gibert                  0.1 MU15
MU_Grath                   0.1 MU15
MU_Hoedjes                 0.1 MU15
MU_Schmidt                 0.1 MU15
MU_StamenkovicRadak        0.1 MU15
MU_Zwaan                   0.1 MU15
MU_Gibert                  0.1 MU16
MU_Hoedjes                 0.1 MU16
MU_Schmidt                 0.1 MU16
MU_StamenkovicRadak        0.1 MU16
MU_Zwaan                   0.1 MU16
MU_Gibert                  0.1 MU17
MU_Hoedjes                 0.1 MU17
MU_Schmidt                 0.1 MU17
MU_StamenkovicRadak        0.1 MU17
MU_Zwaan                   0.1 MU17
MU_Gibert                  0.1 MU18
MU_Hoedjes                 0.1 MU18
MU_Schmidt                 0.1 MU18
MU_StamenkovicRadak        0.1 MU18
MU_Zwaan                   0.1 MU18
MU_Gibert                  0.1 MU19
MU_Hoedjes                 0.1 MU19
MU_Schmidt                 0.1 MU19
MU_StamenkovicRadak        0.1 MU19
MU_Zwaan                   0.1 MU19
MU_Gibert                  0.1  MU2
MU_Hoedjes                 0.1  MU2
MU_Schmidt                 0.1  MU2
MU_StamenkovicRadak        0.1  MU2
MU_Zwaan                   0.1  MU2
MU_Gibert                  0.1 MU20
MU_Hoedjes                 0.1 MU20
MU_Schmidt                 0.1 MU20
MU_StamenkovicRadak        0.1 MU20
MU_Zwaan                   0.1 MU20
MU_Gibert                  0.1  MU3
MU_Grath                   0.1  MU3
MU_Hoedjes                 0.1  MU3
MU_Schmidt                 0.1  MU3
MU_StamenkovicRadak        0.1  MU3
MU_Zwaan                   0.1  MU3
MU_Gibert                  0.1  MU4
MU_Grath                   0.1  MU4
MU_Hoedjes                 0.1  MU4
MU_Schmidt                 0.1  MU4
MU_StamenkovicRadak        0.1  MU4
MU_Zwaan                   0.1  MU4
MU_Gibert                  0.1  MU5
MU_Grath                   0.1  MU5
MU_Hoedjes                 0.1  MU5
MU_Schmidt                 0.1  MU5
MU_StamenkovicRadak        0.1  MU5
MU_Zwaan                   0.1  MU5
MU_Gibert                  0.1  MU6
MU_Grath                   0.1  MU6
MU_Hoedjes                 0.1  MU6
MU_Schmidt                 0.1  MU6
MU_StamenkovicRadak        0.1  MU6
MU_Zwaan                   0.1  MU6
MU_Gibert                  0.1  MU7
MU_Grath                   0.1  MU7
MU_Hoedjes                 0.1  MU7
MU_Schmidt                 0.1  MU7
MU_StamenkovicRadak        0.1  MU7
MU_Zwaan                   0.1  MU7
MU_Gibert                  0.1  MU8
MU_Grath                   0.1  MU8
MU_Hoedjes                 0.1  MU8
MU_Schmidt                 0.1  MU8
MU_StamenkovicRadak        0.1  MU8
MU_Zwaan                   0.1  MU8
MU_Gibert                  0.1  MU9
MU_Hoedjes                 0.1  MU9
MU_Schmidt                 0.1  MU9
MU_StamenkovicRadak        0.1  MU9
MU_Zwaan                   0.1  MU9
MA_Gibert                  0.1 MA12
MA_Hoedjes                 0.1 MA12
MA_Schmidt                 0.1 MA12
MA_StamenkovicRadak        0.1 MA12
MA_Zwaan                   0.1 MA12
MA_Gibert                  0.1 MA13
MA_Hoedjes                 0.1 MA13
MA_Schmidt                 0.1 MA13
MA_StamenkovicRadak        0.1 MA13
MA_Zwaan                   0.1 MA13
MA_Gibert                  0.1 MA16
MA_Hoedjes                 0.1 MA16
MA_StamenkovicRadak        0.1 MA16
MA_Zwaan                   0.1 MA16
MA_Gibert                  0.1 MA18
MA_Hoedjes                 0.1 MA18
MA_Schmidt                 0.1 MA18
MA_StamenkovicRadak        0.1 MA18
MA_Zwaan                   0.1 MA18
MA_Gibert                  0.1 MA19
MA_Hoedjes                 0.1 MA19
MA_Schmidt                 0.1 MA19
MA_StamenkovicRadak        0.1 MA19
MA_Zwaan                   0.1 MA19
MA_Gibert                  0.1 MA20
MA_Hoedjes                 0.1 MA20
MA_Schmidt                 0.1 MA20
MA_StamenkovicRadak        0.1 MA20
MA_Zwaan                   0.1 MA20
MA_Gibert                  0.1 MA21
MA_Hoedjes                 0.1 MA21
MA_Schmidt                 0.1 MA21
MA_StamenkovicRadak        0.1 MA21
MA_Zwaan                   0.1 MA21
MA_Gibert                  0.1 MA23
MA_Hoedjes                 0.1 MA23
MA_Schmidt                 0.1 MA23
MA_StamenkovicRadak        0.1 MA23
MA_Zwaan                   0.1 MA23
MA_Gibert                  0.1 MA26
MA_Hoedjes                 0.1 MA26
MA_Schmidt                 0.1 MA26
MA_StamenkovicRadak        0.1 MA26
MA_Zwaan                   0.1 MA26
MA_Gibert                  0.1 MA27
MA_Hoedjes                 0.1 MA27
MA_Schmidt                 0.1 MA27
MA_StamenkovicRadak        0.1 MA27
MA_Zwaan                   0.1 MA27
MA_Gibert                  0.1 MA28
MA_Hoedjes                 0.1 MA28
MA_Schmidt                 0.1 MA28
MA_StamenkovicRadak        0.1 MA28
MA_Zwaan                   0.1 MA28
MA_Gibert                  0.1  MA3
MA_Hoedjes                 0.1  MA3
MA_Schmidt                 0.1  MA3
MA_StamenkovicRadak        0.1  MA3
MA_Zwaan                   0.1  MA3
MA_Gibert                  0.1 MA30
MA_Hoedjes                 0.1 MA30
MA_Schmidt                 0.1 MA30
MA_StamenkovicRadak        0.1 MA30
MA_Zwaan                   0.1 MA30
MA_Gibert                  0.1 MA31
MA_Hoedjes                 0.1 MA31
MA_Schmidt                 0.1 MA31
MA_StamenkovicRadak        0.1 MA31
MA_Zwaan                   0.1 MA31
MA_Gibert                  0.1 MA32
MA_Hoedjes                 0.1 MA32
MA_Schmidt                 0.1 MA32
MA_StamenkovicRadak        0.1 MA32
MA_Zwaan                   0.1 MA32
MA_Gibert                  0.1 MA33
MA_Hoedjes                 0.1 MA33
MA_Schmidt                 0.1 MA33
MA_StamenkovicRadak        0.1 MA33
MA_Zwaan                   0.1 MA33
MA_Gibert                  0.1  MA5
MA_Hoedjes                 0.1  MA5
MA_Schmidt                 0.1  MA5
MA_StamenkovicRadak        0.1  MA5
MA_Zwaan                   0.1  MA5
MA_Gibert                  0.1  MA6
MA_Hoedjes                 0.1  MA6
MA_Schmidt                 0.1  MA6
MA_StamenkovicRadak        0.1  MA6
MA_Zwaan                   0.1  MA6
MA_Gibert                  0.1  MA7
MA_Hoedjes                 0.1  MA7
MA_Schmidt                 0.1  MA7
MA_StamenkovicRadak        0.1  MA7
MA_Zwaan                   0.1  MA7
MA_Gibert                  0.1  MA9
MA_Hoedjes                 0.1  MA9
MA_Schmidt                 0.1  MA9
MA_StamenkovicRadak        0.1  MA9
MA_Zwaan                   0.1  MA9
UM_Gibert                  0.1 UM13
UM_Hoedjes                 0.1 UM13
UM_Schmidt                 0.1 UM13
UM_StamenkovicRadak        0.1 UM13
UM_Zwaan                   0.1 UM13
UM_Gibert                  0.1 UM17
UM_Hoedjes                 0.1 UM17
UM_Schmidt                 0.1 UM17
UM_StamenkovicRadak        0.1 UM17
UM_Zwaan                   0.1 UM17
UM_Gibert                  0.1 UM18
UM_Hoedjes                 0.1 UM18
UM_Schmidt                 0.1 UM18
UM_StamenkovicRadak        0.1 UM18
UM_Zwaan                   0.1 UM18
UM_Gibert                  0.1  UM2
UM_Hoedjes                 0.1  UM2
UM_Schmidt                 0.1  UM2
UM_StamenkovicRadak        0.1  UM2
UM_Zwaan                   0.1  UM2
UM_Gibert                  0.1 UM20
UM_Hoedjes                 0.1 UM20
UM_Schmidt                 0.1 UM20
UM_StamenkovicRadak        0.1 UM20
UM_Zwaan                   0.1 UM20
UM_Gibert                  0.1 UM21
UM_Hoedjes                 0.1 UM21
UM_Schmidt                 0.1 UM21
UM_StamenkovicRadak        0.1 UM21
UM_Zwaan                   0.1 UM21
UM_Gibert                  0.1 UM22
UM_Schmidt                 0.1 UM22
UM_StamenkovicRadak        0.1 UM22
UM_Zwaan                   0.1 UM22
UM_Gibert                  0.1 UM23
UM_Hoedjes                 0.1 UM23
UM_Schmidt                 0.1 UM23
UM_StamenkovicRadak        0.1 UM23
UM_Zwaan                   0.1 UM23
UM_StamenkovicRadak        0.1 UM24
UM_Gibert                  0.1 UM25
UM_Hoedjes                 0.1 UM25
UM_Schmidt                 0.1 UM25
UM_StamenkovicRadak        0.1 UM25
UM_Zwaan                   0.1 UM25
UM_Gibert                  0.1 UM26
UM_Hoedjes                 0.1 UM26
UM_StamenkovicRadak        0.1 UM26
UM_Zwaan                   0.1 UM26
UM_Gibert                  0.1 UM28
UM_Hoedjes                 0.1 UM28
UM_Schmidt                 0.1 UM28
UM_StamenkovicRadak        0.1 UM28
UM_Zwaan                   0.1 UM28
UM_Gibert                  0.1 UM29
UM_Hoedjes                 0.1 UM29
UM_Schmidt                 0.1 UM29
UM_StamenkovicRadak        0.1 UM29
UM_Zwaan                   0.1 UM29
UM_Gibert                  0.1  UM4
UM_Hoedjes                 0.1  UM4
UM_Schmidt                 0.1  UM4
UM_StamenkovicRadak        0.1  UM4
UM_Zwaan                   0.1  UM4
UM_Gibert                  0.1  UM5
UM_Hoedjes                 0.1  UM5
UM_Schmidt                 0.1  UM5
UM_StamenkovicRadak        0.1  UM5
UM_Zwaan                   0.1  UM5
UM_Gibert                  0.1  UM6
UM_Hoedjes                 0.1  UM6
UM_StamenkovicRadak        0.1  UM6
UM_Zwaan                   0.1  UM6
UM_Gibert                  0.1  UM7
UM_Hoedjes                 0.1  UM7
UM_Schmidt                 0.1  UM7
UM_StamenkovicRadak        0.1  UM7
UM_Zwaan                   0.1  UM7
UM_Gibert                  0.1  UM8
UM_Hoedjes                 0.1  UM8
UM_Zwaan                   0.1  UM8
UM_Gibert                  0.1  UM9
UM_Hoedjes                 0.1  UM9
UM_Schmidt                 0.1  UM9
UM_StamenkovicRadak        0.1  UM9
UM_Zwaan                   0.1  UM9
KA_Gibert                  0.1  KA1
KA_Hoedjes                 0.1  KA1
KA_Schmidt                 0.1  KA1
KA_StamenkovicRadak        0.1  KA1
KA_Zwaan                   0.1  KA1
KA_Gibert                  0.1 KA10
KA_Hoedjes                 0.1 KA10
KA_Schmidt                 0.1 KA10
KA_StamenkovicRadak        0.1 KA10
KA_Zwaan                   0.1 KA10
KA_Gibert                  0.1 KA11
KA_Hoedjes                 0.1 KA11
KA_Schmidt                 0.1 KA11
KA_StamenkovicRadak        0.1 KA11
KA_Zwaan                   0.1 KA11
KA_Gibert                  0.1 KA13
KA_Hoedjes                 0.1 KA13
KA_Schmidt                 0.1 KA13
KA_StamenkovicRadak        0.1 KA13
KA_Zwaan                   0.1 KA13
KA_Gibert                  0.1 KA14
KA_Hoedjes                 0.1 KA14
KA_Schmidt                 0.1 KA14
KA_StamenkovicRadak        0.1 KA14
KA_Zwaan                   0.1 KA14
KA_Gibert                  0.1 KA15
KA_Hoedjes                 0.1 KA15
KA_Schmidt                 0.1 KA15
KA_StamenkovicRadak        0.1 KA15
KA_Zwaan                   0.1 KA15
KA_Gibert                  0.1 KA16
KA_Hoedjes                 0.1 KA16
KA_Schmidt                 0.1 KA16
KA_StamenkovicRadak        0.1 KA16
KA_Zwaan                   0.1 KA16
KA_Gibert                  0.1 KA17
KA_Hoedjes                 0.1 KA17
KA_Schmidt                 0.1 KA17
KA_StamenkovicRadak        0.1 KA17
KA_Zwaan                   0.1 KA17
KA_Gibert                  0.1 KA18
KA_Hoedjes                 0.1 KA18
KA_Schmidt                 0.1 KA18
KA_StamenkovicRadak        0.1 KA18
KA_Zwaan                   0.1 KA18
KA_Gibert                  0.1  KA2
KA_Hoedjes                 0.1  KA2
KA_Schmidt                 0.1  KA2
KA_StamenkovicRadak        0.1  KA2
KA_Zwaan                   0.1  KA2
KA_Gibert                  0.1 KA23
KA_Hoedjes                 0.1 KA23
KA_Schmidt                 0.1 KA23
KA_StamenkovicRadak        0.1 KA23
KA_Zwaan                   0.1 KA23
KA_Gibert                  0.1 KA24
KA_Hoedjes                 0.1 KA24
KA_Schmidt                 0.1 KA24
KA_StamenkovicRadak        0.1 KA24
KA_Zwaan                   0.1 KA24
KA_Gibert                  0.1 KA25
KA_Hoedjes                 0.1 KA25
KA_Schmidt                 0.1 KA25
KA_StamenkovicRadak        0.1 KA25
KA_Zwaan                   0.1 KA25
KA_Gibert                  0.1 KA28
KA_Hoedjes                 0.1 KA28
KA_Schmidt                 0.1 KA28
KA_StamenkovicRadak        0.1 KA28
KA_Zwaan                   0.1 KA28
KA_Gibert                  0.1 KA29
KA_Hoedjes                 0.1 KA29
KA_Schmidt                 0.1 KA29
KA_StamenkovicRadak        0.1 KA29
KA_Zwaan                   0.1 KA29
KA_Gibert                  0.1  KA3
KA_Hoedjes                 0.1  KA3
KA_Schmidt                 0.1  KA3
KA_StamenkovicRadak        0.1  KA3
KA_Zwaan                   0.1  KA3
KA_Gibert                  0.1  KA5
KA_Hoedjes                 0.1  KA5
KA_Schmidt                 0.1  KA5
KA_StamenkovicRadak        0.1  KA5
KA_Zwaan                   0.1  KA5
KA_Gibert                  0.1  KA6
KA_Hoedjes                 0.1  KA6
KA_StamenkovicRadak        0.1  KA6
KA_Zwaan                   0.1  KA6
KA_Gibert                  0.1  KA7
KA_Hoedjes                 0.1  KA7
KA_Schmidt                 0.1  KA7
KA_StamenkovicRadak        0.1  KA7
KA_Zwaan                   0.1  KA7
KA_Gibert                  0.1  KA9
KA_Hoedjes                 0.1  KA9
KA_Schmidt                 0.1  KA9
KA_StamenkovicRadak        0.1  KA9
KA_Zwaan                   0.1  KA9
VA_Gibert                  0.1  VA1
VA_Hoedjes                 0.1  VA1
VA_Schmidt                 0.1  VA1
VA_StamenkovicRadak        0.1  VA1
VA_Zwaan                   0.1  VA1
VA_Gibert                  0.1 VA11
VA_Hoedjes                 0.1 VA11
VA_Schmidt                 0.1 VA11
VA_StamenkovicRadak        0.1 VA11
VA_Zwaan                   0.1 VA11
VA_Gibert                  0.1 VA15
VA_Hoedjes                 0.1 VA15
VA_Schmidt                 0.1 VA15
VA_Zwaan                   0.1 VA15
VA_Gibert                  0.1 VA18
VA_Hoedjes                 0.1 VA18
VA_Schmidt                 0.1 VA18
VA_StamenkovicRadak        0.1 VA18
VA_Zwaan                   0.1 VA18
VA_Gibert                  0.1 VA22
VA_Hoedjes                 0.1 VA22
VA_Schmidt                 0.1 VA22
VA_StamenkovicRadak        0.1 VA22
VA_Zwaan                   0.1 VA22
VA_Gibert                  0.1 VA26
VA_Hoedjes                 0.1 VA26
VA_Schmidt                 0.1 VA26
VA_StamenkovicRadak        0.1 VA26
VA_Zwaan                   0.1 VA26
VA_Gibert                  0.1 VA30
VA_Hoedjes                 0.1 VA30
VA_Schmidt                 0.1 VA30
VA_StamenkovicRadak        0.1 VA30
VA_Zwaan                   0.1 VA30
VA_Gibert                  0.1 VA34
VA_Hoedjes                 0.1 VA34
VA_Schmidt                 0.1 VA34
VA_StamenkovicRadak        0.1 VA34
VA_Zwaan                   0.1 VA34
VA_Gibert                  0.1 VA35
VA_Hoedjes                 0.1 VA35
VA_Schmidt                 0.1 VA35
VA_StamenkovicRadak        0.1 VA35
VA_Zwaan                   0.1 VA35
VA_Gibert                  0.1 VA44
VA_Hoedjes                 0.1 VA44
VA_Schmidt                 0.1 VA44
VA_StamenkovicRadak        0.1 VA44
VA_Zwaan                   0.1 VA44
VA_Gibert                  0.1 VA46
VA_Hoedjes                 0.1 VA46
VA_Schmidt                 0.1 VA46
VA_StamenkovicRadak        0.1 VA46
VA_Zwaan                   0.1 VA46
VA_Gibert                  0.1 VA47
VA_Hoedjes                 0.1 VA47
VA_Schmidt                 0.1 VA47
VA_StamenkovicRadak        0.1 VA47
VA_Zwaan                   0.1 VA47
VA_Gibert                  0.1 VA48
VA_Hoedjes                 0.1 VA48
VA_Schmidt                 0.1 VA48
VA_StamenkovicRadak        0.1 VA48
VA_Zwaan                   0.1 VA48
VA_Gibert                  0.1 VA55
VA_Hoedjes                 0.1 VA55
VA_Schmidt                 0.1 VA55
VA_StamenkovicRadak        0.1 VA55
VA_Zwaan                   0.1 VA55
VA_Gibert                  0.1 VA57
VA_Hoedjes                 0.1 VA57
VA_Schmidt                 0.1 VA57
VA_StamenkovicRadak        0.1 VA57
VA_Zwaan                   0.1 VA57
VA_Gibert                  0.1  VA6
VA_Hoedjes                 0.1  VA6
VA_Schmidt                 0.1  VA6
VA_StamenkovicRadak        0.1  VA6
VA_Zwaan                   0.1  VA6
VA_Gibert                  0.1 VA66
VA_Hoedjes                 0.1 VA66
VA_Schmidt                 0.1 VA66
VA_StamenkovicRadak        0.1 VA66
VA_Zwaan                   0.1 VA66
VA_Gibert                  0.1 VA67
VA_Hoedjes                 0.1 VA67
VA_Schmidt                 0.1 VA67
VA_StamenkovicRadak        0.1 VA67
VA_Zwaan                   0.1 VA67
VA_Gibert                  0.1 VA71
VA_Hoedjes                 0.1 VA71
VA_Schmidt                 0.1 VA71
VA_StamenkovicRadak        0.1 VA71
VA_Zwaan                   0.1 VA71
VA_Gibert                  0.1  VA9
VA_Hoedjes                 0.1  VA9
VA_Schmidt                 0.1  VA9
VA_StamenkovicRadak        0.1  VA9
VA_Zwaan                   0.1  VA9
AK_Gibert                  0.1  AK1
AK_Grath                   0.1  AK1
AK_Hoedjes                 0.1  AK1
AK_Schmidt                 0.1  AK1
AK_StamenkovicRadak        0.1  AK1
AK_Zwaan                   0.1  AK1
AK_Gibert                  0.1 AK10
AK_Hoedjes                 0.1 AK10
AK_Schmidt                 0.1 AK10
AK_StamenkovicRadak        0.1 AK10
AK_Zwaan                   0.1 AK10
AK_Gibert                  0.1 AK11
AK_Hoedjes                 0.1 AK11
AK_Schmidt                 0.1 AK11
AK_StamenkovicRadak        0.1 AK11
AK_Zwaan                   0.1 AK11
AK_Gibert                  0.1 AK12
AK_Grath                   0.1 AK12
AK_Hoedjes                 0.1 AK12
AK_Schmidt                 0.1 AK12
AK_StamenkovicRadak        0.1 AK12
AK_Zwaan                   0.1 AK12
AK_Gibert                  0.1 AK13
AK_Hoedjes                 0.1 AK13
AK_Schmidt                 0.1 AK13
AK_Zwaan                   0.1 AK13
AK_Gibert                  0.1 AK14
AK_Grath                   0.1 AK14
AK_Hoedjes                 0.1 AK14
AK_Schmidt                 0.1 AK14
AK_Zwaan                   0.1 AK14
AK_Gibert                  0.1 AK15
AK_Grath                   0.1 AK15
AK_Hoedjes                 0.1 AK15
AK_Schmidt                 0.1 AK15
AK_StamenkovicRadak        0.1 AK15
AK_Zwaan                   0.1 AK15
AK_Gibert                  0.1 AK16
AK_Hoedjes                 0.1 AK16
AK_Schmidt                 0.1 AK16
AK_StamenkovicRadak        0.1 AK16
AK_Zwaan                   0.1 AK16
AK_Gibert                  0.1 AK17
AK_Grath                   0.1 AK17
AK_Hoedjes                 0.1 AK17
AK_Schmidt                 0.1 AK17
AK_StamenkovicRadak        0.1 AK17
AK_Zwaan                   0.1 AK17
AK_Gibert                  0.1 AK18
AK_Hoedjes                 0.1 AK18
AK_Schmidt                 0.1 AK18
AK_StamenkovicRadak        0.1 AK18
AK_Zwaan                   0.1 AK18
AK_StamenkovicRadak        0.1 AK19
AK_Gibert                  0.1  AK2
AK_Hoedjes                 0.1  AK2
AK_Schmidt                 0.1  AK2
AK_StamenkovicRadak        0.1  AK2
AK_Zwaan                   0.1  AK2
AK_Gibert                  0.1 AK20
AK_Hoedjes                 0.1 AK20
AK_Schmidt                 0.1 AK20
AK_StamenkovicRadak        0.1 AK20
AK_Zwaan                   0.1 AK20
AK_Gibert                  0.1 AK21
AK_Grath                   0.1 AK21
AK_Hoedjes                 0.1 AK21
AK_Schmidt                 0.1 AK21
AK_StamenkovicRadak        0.1 AK21
AK_Zwaan                   0.1 AK21
AK_Gibert                  0.1  AK3
AK_Hoedjes                 0.1  AK3
AK_Schmidt                 0.1  AK3
AK_StamenkovicRadak        0.1  AK3
AK_Zwaan                   0.1  AK3
AK_Gibert                  0.1  AK4
AK_Grath                   0.1  AK4
AK_Hoedjes                 0.1  AK4
AK_Schmidt                 0.1  AK4
AK_StamenkovicRadak        0.1  AK4
AK_Zwaan                   0.1  AK4
AK_Gibert                  0.1  AK5
AK_Hoedjes                 0.1  AK5
AK_Schmidt                 0.1  AK5
AK_StamenkovicRadak        0.1  AK5
AK_Zwaan                   0.1  AK5
AK_Gibert                  0.1  AK6
AK_Grath                   0.1  AK6
AK_Hoedjes                 0.1  AK6
AK_Schmidt                 0.1  AK6
AK_StamenkovicRadak        0.1  AK6
AK_Zwaan                   0.1  AK6
AK_Gibert                  0.1  AK7
AK_Hoedjes                 0.1  AK7
AK_Schmidt                 0.1  AK7
AK_StamenkovicRadak        0.1  AK7
AK_Zwaan                   0.1  AK7
AK_Gibert                  0.1  AK8
AK_Grath                   0.1  AK8
AK_Hoedjes                 0.1  AK8
AK_Schmidt                 0.1  AK8
AK_StamenkovicRadak        0.1  AK8
AK_Zwaan                   0.1  AK8
AK_Gibert                  0.1  AK9
AK_Grath                   0.1  AK9
AK_Hoedjes                 0.1  AK9
AK_Schmidt                 0.1  AK9
AK_StamenkovicRadak        0.1  AK9
AK_Zwaan                   0.1  AK9

Number of studies combined: k = 852

                                            95%-CI
Random effects model 231.5123 [230.2571; 232.7676]
                          z p-value
Random effects model 361.49       0

Quantifying heterogeneity:
 tau^2 = 323.6001 [294.0780; 361.4436]; tau = 17.9889 [17.1487; 19.0117]
 I^2 = 96.0% [95.8%; 96.1%]; H = 4.99 [4.90; 5.09]

Test of heterogeneity:
        Q d.f. p-value
 21197.18  851       0

Results for subgroups (random effects model):
              k                        95%-CI
Line = YE11   5 235.4732 [225.2107; 245.7357]
Line = YE13   5 226.7726 [219.3903; 234.1549]
Line = YE14   5 225.1444 [216.9920; 233.2969]
Line = YE15   5 225.2086 [213.5211; 236.8961]
Line = YE19   5 222.2045 [212.1375; 232.2714]
Line = YE20   5 224.5176 [212.4900; 236.5452]
Line = YE21   5 226.4920 [217.2138; 235.7701]
Line = YE22   5 223.4337 [215.0349; 231.8324]
Line = YE23   5 223.6788 [216.3308; 231.0269]
Line = YE24   5 232.5192 [217.5638; 247.4746]
Line = YE26   5 227.5662 [220.4884; 234.6439]
Line = YE27   5 225.6873 [215.8186; 235.5560]
Line = YE33   5 229.6328 [220.0617; 239.2039]
Line = YE40   5 224.3934 [214.2295; 234.5574]
Line = YE41   5 225.2077 [213.6291; 236.7862]
Line = YE48   5 228.0689 [217.7489; 238.3889]
Line = YE49   5 223.7138 [217.3918; 230.0359]
Line = YE51   5 220.0692 [213.9189; 226.2195]
Line = YE69   5 226.4956 [222.9847; 230.0066]
Line = YE80   5 225.6099 [218.3261; 232.8938]
Line = RE1    3 228.3596 [212.2090; 244.5102]
Line = RE10   5 236.0361 [227.9904; 244.0819]
Line = RE11   5 240.6573 [224.4068; 256.9078]
Line = RE12   5 229.2855 [216.1486; 242.4224]
Line = RE13   5 244.7395 [221.4769; 268.0022]
Line = RE15   5 228.0661 [219.6150; 236.5172]
Line = RE16   5 230.1908 [223.2431; 237.1385]
Line = RE17   5 239.9727 [223.5503; 256.3951]
Line = RE18   5 231.5852 [222.8445; 240.3258]
Line = RE2    5 238.0246 [219.6258; 256.4234]
Line = RE3    6 247.4863 [218.1825; 276.7900]
Line = RE4    5 228.7789 [218.8664; 238.6914]
Line = RE5    5 236.3341 [221.5691; 251.0991]
Line = RE6    5 245.3233 [233.6516; 256.9951]
Line = RE7    6 245.5556 [215.3921; 275.7192]
Line = RE8    6 249.2799 [216.7499; 281.8100]
Line = GI1    5 238.0763 [223.7620; 252.3906]
Line = GI10   5 231.9739 [224.9779; 238.9698]
Line = GI11   5 232.2144 [221.2416; 243.1872]
Line = GI12   5 236.8133 [226.3257; 247.3010]
Line = GI13   4 232.0378 [227.5029; 236.5727]
Line = GI14   4 234.4782 [223.1964; 245.7601]
Line = GI15   4 230.6774 [222.0669; 239.2879]
Line = GI2    5 225.2107 [218.1588; 232.2626]
Line = GI3    5 226.8192 [218.3917; 235.2467]
Line = GI4    4 226.6360 [223.0208; 230.2513]
Line = GI5    5 224.4297 [215.0990; 233.7605]
Line = GI6    4 238.3168 [230.4530; 246.1807]
Line = GI7    4 230.0416 [224.6673; 235.4160]
Line = GI8    5 229.9086 [223.5134; 236.3037]
Line = GI9    5 231.5099 [216.9584; 246.0614]
Line = MU1    5 231.1288 [222.2629; 239.9947]
Line = MU10   6 239.7458 [210.6358; 268.8558]
Line = MU11   5 230.4010 [220.5619; 240.2402]
Line = MU12   5 222.5830 [215.2325; 229.9335]
Line = MU13   6 238.2093 [209.0225; 267.3960]
Line = MU14   6 242.0440 [213.2117; 270.8764]
Line = MU15   6 242.9812 [217.5909; 268.3716]
Line = MU16   5 227.5927 [224.5092; 230.6763]
Line = MU17   5 229.4951 [219.3445; 239.6456]
Line = MU18   5 228.1914 [222.8378; 233.5450]
Line = MU19   5 224.6202 [221.8472; 227.3931]
Line = MU2    5 221.6905 [211.3545; 232.0264]
Line = MU20   5 224.5998 [216.0949; 233.1047]
Line = MU3    6 231.9899 [204.9685; 259.0113]
Line = MU4    6 239.2228 [214.0442; 264.4013]
Line = MU5    6 241.6127 [215.1982; 268.0272]
Line = MU6    6 239.5762 [210.3333; 268.8192]
Line = MU7    6 242.1527 [217.8004; 266.5050]
Line = MU8    6 240.6480 [214.8840; 266.4121]
Line = MU9    5 223.1180 [220.1658; 226.0702]
Line = MA12   5 225.4141 [213.6983; 237.1299]
Line = MA13   5 229.1764 [216.9969; 241.3559]
Line = MA16   4 230.2516 [222.9182; 237.5850]
Line = MA18   5 229.8622 [223.4406; 236.2837]
Line = MA19   5 224.9024 [218.8129; 230.9918]
Line = MA20   5 226.2131 [214.3930; 238.0331]
Line = MA21   5 232.1334 [209.0357; 255.2311]
Line = MA23   5 239.3112 [225.9985; 252.6240]
Line = MA26   5 229.2929 [222.7165; 235.8693]
Line = MA27   5 227.1177 [220.9361; 233.2994]
Line = MA28   5 231.0932 [221.8055; 240.3810]
Line = MA3    5 223.0517 [214.0215; 232.0819]
Line = MA30   5 240.8335 [217.6975; 263.9695]
Line = MA31   5 242.0703 [225.6268; 258.5137]
Line = MA32   5 228.5096 [210.1681; 246.8510]
Line = MA33   5 225.1695 [215.9852; 234.3539]
Line = MA5    5 221.5105 [213.1299; 229.8912]
Line = MA6    5 228.6221 [215.9399; 241.3043]
Line = MA7    5 227.8286 [218.2483; 237.4088]
Line = MA9    5 226.1302 [220.2044; 232.0560]
Line = UM13   5 226.1827 [217.5125; 234.8529]
Line = UM17   5 227.1071 [213.8447; 240.3696]
Line = UM18   5 227.2911 [215.5962; 238.9860]
Line = UM2    5 237.2796 [214.3790; 260.1803]
Line = UM20   5 233.4367 [219.4912; 247.3822]
Line = UM21   5 234.4139 [223.2574; 245.5704]
Line = UM22   4 232.9793 [225.5930; 240.3656]
Line = UM23   5 227.0829 [221.6991; 232.4666]
Line = UM24   1 243.2583 [226.8463; 259.6703]
Line = UM25   5 231.2341 [224.0039; 238.4642]
Line = UM26   4 227.0216 [219.9877; 234.0554]
Line = UM28   5 231.2743 [216.6642; 245.8843]
Line = UM29   5 227.3603 [201.0266; 253.6940]
Line = UM4    5 231.6324 [217.6288; 245.6361]
Line = UM5    5 231.4372 [223.5646; 239.3098]
Line = UM6    4 227.5552 [219.6138; 235.4965]
Line = UM7    5 226.1037 [211.7634; 240.4440]
Line = UM8    3 230.8911 [227.0592; 234.7230]
Line = UM9    5 232.6804 [225.3634; 239.9974]
Line = KA1    5 220.0512 [213.6646; 226.4377]
Line = KA10   5 228.9632 [218.2280; 239.6984]
Line = KA11   5 226.1248 [220.9710; 231.2785]
Line = KA13   5 225.2014 [219.3956; 231.0072]
Line = KA14   5 230.5747 [223.2735; 237.8759]
Line = KA15   5 226.0622 [220.6989; 231.4255]
Line = KA16   5 222.1720 [216.1864; 228.1576]
Line = KA17   5 225.4593 [219.1439; 231.7748]
Line = KA18   5 229.0200 [221.1114; 236.9286]
Line = KA2    5 226.0301 [218.1094; 233.9508]
Line = KA23   5 224.0618 [218.3973; 229.7263]
Line = KA24   5 225.2467 [216.4938; 233.9996]
Line = KA25   5 227.1913 [222.9233; 231.4592]
Line = KA28   5 233.8276 [217.7116; 249.9437]
Line = KA29   5 220.4158 [212.5513; 228.2802]
Line = KA3    5 220.2801 [214.2397; 226.3205]
Line = KA5    5 225.2415 [216.8015; 233.6816]
Line = KA6    4 225.8324 [220.5682; 231.0966]
Line = KA7    5 220.9120 [210.4017; 231.4223]
Line = KA9    5 226.6156 [220.1655; 233.0656]
Line = VA1    5 224.3026 [214.7697; 233.8354]
Line = VA11   5 245.2012 [214.9453; 275.4571]
Line = VA15   4 223.8873 [218.5353; 229.2394]
Line = VA18   5 229.7385 [220.9261; 238.5508]
Line = VA22   5 237.9888 [217.8967; 258.0809]
Line = VA26   5 232.5562 [228.9793; 236.1330]
Line = VA30   5 229.7313 [222.9172; 236.5454]
Line = VA34   5 232.0092 [225.5883; 238.4301]
Line = VA35   5 232.5770 [223.9635; 241.1905]
Line = VA44   5 250.9961 [214.3531; 287.6390]
Line = VA46   5 226.2979 [223.4137; 229.1821]
Line = VA47   5 232.3856 [222.2519; 242.5194]
Line = VA48   5 240.6184 [210.8596; 270.3773]
Line = VA55   5 234.3832 [214.3066; 254.4597]
Line = VA57   5 231.4895 [225.1257; 237.8533]
Line = VA6    5 243.3869 [216.3819; 270.3920]
Line = VA66   5 238.8919 [225.9250; 251.8588]
Line = VA67   5 228.9736 [214.3044; 243.6427]
Line = VA71   5 225.9235 [220.5763; 231.2708]
Line = VA9    5 227.1215 [221.1012; 233.1418]
Line = AK1    6 237.9319 [209.1581; 266.7056]
Line = AK10   5 226.7700 [214.3828; 239.1572]
Line = AK11   5 227.7743 [222.7398; 232.8088]
Line = AK12   6 238.6388 [209.0756; 268.2020]
Line = AK13   4 226.6131 [219.9460; 233.2803]
Line = AK14   5 242.6550 [209.0384; 276.2717]
Line = AK15   6 242.8563 [214.8973; 270.8152]
Line = AK16   5 220.4397 [213.5179; 227.3615]
Line = AK17   6 234.8121 [202.8179; 266.8063]
Line = AK18   5 229.2896 [222.5042; 236.0751]
Line = AK19   1 256.0505 [239.9168; 272.1842]
Line = AK2    5 219.7200 [210.9679; 228.4722]
Line = AK20   5 226.0523 [220.5323; 231.5723]
Line = AK21   6 248.1692 [222.0689; 274.2695]
Line = AK3    5 223.8886 [218.0681; 229.7091]
Line = AK4    6 237.6403 [208.8502; 266.4304]
Line = AK5    5 224.0058 [216.2839; 231.7277]
Line = AK6    6 239.9270 [210.7778; 269.0763]
Line = AK7    5 223.0522 [214.7878; 231.3166]
Line = AK8    6 245.7837 [218.6082; 272.9591]
Line = AK9    6 237.3210 [208.0595; 266.5825]
                tau^2     tau      Q   I^2
Line = YE11  109.5135 10.4649  21.20 81.1%
Line = YE13   51.2024  7.1556  19.78 79.8%
Line = YE14   64.9777  8.0609  22.42 82.2%
Line = YE15  150.3005 12.2597  51.56 92.2%
Line = YE19  102.5200 10.1252  35.46 88.7%
Line = YE20  163.3722 12.7817  66.84 94.0%
Line = YE21   88.2442  9.3938  34.20 88.3%
Line = YE22   70.8733  8.4186  24.89 83.9%
Line = YE23   47.4700  6.8898  22.30 82.1%
Line = YE24  267.4684 16.3545  63.22 93.7%
Line = YE26   43.3433  6.5836  12.84 68.8%
Line = YE27  102.6273 10.1305  38.68 89.7%
Line = YE33   96.3942  9.8181  27.15 85.3%
Line = YE40  106.8141 10.3351  29.96 86.6%
Line = YE41  148.6794 12.1934  25.45 84.3%
Line = YE48  112.3270 10.5984  34.43 88.4%
Line = YE49   33.1843  5.7606  13.99 71.4%
Line = YE51   28.2342  5.3136  12.68 68.5%
Line = YE69    3.2085  1.7912   6.42 37.7%
Line = YE80   44.4026  6.6635  17.95 77.7%
Line = RE1   178.6010 13.3642  10.57 81.1%
Line = RE10   58.0140  7.6167  16.99 76.5%
Line = RE11  317.9896 17.8323  32.01 87.5%
Line = RE12  198.2303 14.0794  29.91 86.6%
Line = RE13  674.2850 25.9670  60.25 93.4%
Line = RE15   67.9792  8.2450  18.40 78.3%
Line = RE16   43.2426  6.5759  20.24 80.2%
Line = RE17  324.7136 18.0198  63.93 93.7%
Line = RE18   76.9271  8.7708  12.91 69.0%
Line = RE2   415.9035 20.3937  76.95 94.8%
Line = RE3  1307.5273 36.1597 326.05 98.5%
Line = RE4   103.2945 10.1634  38.35 89.6%
Line = RE5   242.1683 15.5618  38.69 89.7%
Line = RE6   149.0293 12.2078  24.63 83.8%
Line = RE7  1395.3935 37.3550 393.34 98.7%
Line = RE8  1625.9724 40.3233 320.61 98.4%
Line = GI1   233.0866 15.2672  38.96 89.7%
Line = GI10   43.2180  6.5740  22.78 82.4%
Line = GI11  131.5028 11.4675  31.72 87.4%
Line = GI12  113.9091 10.6728  27.12 85.2%
Line = GI13    8.7161  2.9523   5.28 43.2%
Line = GI14  111.6313 10.5656  30.16 90.1%
Line = GI15   58.3150  7.6364  17.29 82.6%
Line = GI2    41.2612  6.4235  15.57 74.3%
Line = GI3    64.1965  8.0123  19.91 79.9%
Line = GI4     2.0380  1.4276   4.33 30.7%
Line = GI5    86.3306  9.2914  21.77 81.6%
Line = GI6    47.6241  6.9010  14.87 79.8%
Line = GI7    16.5224  4.0648   7.48 59.9%
Line = GI8    33.1579  5.7583  14.47 72.4%
Line = GI9   244.9378 15.6505  44.97 91.1%
Line = MU1    81.7989  9.0443  18.95 78.9%
Line = MU10 1302.2202 36.0863 799.88 99.4%
Line = MU11  103.5721 10.1770  24.08 83.4%
Line = MU12   51.5066  7.1768  13.81 71.0%
Line = MU13 1307.2800 36.1563 568.95 99.1%
Line = MU14 1275.0244 35.7075 676.82 99.3%
Line = MU15  984.4200 31.3755 531.53 99.1%
Line = MU16    1.1079  1.0526   3.81  0.0%
Line = MU17  113.0904 10.6344  23.61 83.1%
Line = MU18   19.1781  4.3793  10.10 60.4%
Line = MU19         0       0   2.90  0.0%
Line = MU2   117.6778 10.8479  37.82 89.4%
Line = MU20   73.6284  8.5807  17.31 76.9%
Line = MU3  1118.5639 33.4449 609.10 99.2%
Line = MU4   967.9067 31.1112 427.60 98.8%
Line = MU5  1066.6239 32.6592 560.41 99.1%
Line = MU6  1310.7015 36.2036 704.32 99.3%
Line = MU7   903.9815 30.0663 484.13 99.0%
Line = MU8  1013.6758 31.8383 514.19 99.0%
Line = MU9    <0.0001  0.0015   6.45 38.0%
Line = MA12  153.3774 12.3846  34.52 88.4%
Line = MA13  170.6864 13.0647  31.91 87.5%
Line = MA16   40.9375  6.3982  16.70 82.0%
Line = MA18   35.9058  5.9921  19.85 79.9%
Line = MA19   30.1733  5.4930  11.51 65.2%
Line = MA20  156.9996 12.5299  21.52 81.4%
Line = MA21  669.2727 25.8703  57.96 93.1%
Line = MA23  205.1549 14.3232  48.05 91.7%
Line = MA26   37.6210  6.1336  16.16 75.2%
Line = MA27   31.7255  5.6325  14.31 72.1%
Line = MA28   89.8926  9.4812  25.92 84.6%
Line = MA3    85.8591  9.2660  24.53 83.7%
Line = MA30  671.1507 25.9066  87.15 95.4%
Line = MA31  324.7167 18.0199  52.34 92.4%
Line = MA32  413.2253 20.3279  46.72 91.4%
Line = MA33   82.0694  9.0592  36.63 89.1%
Line = MA5    70.6504  8.4054  30.47 86.9%
Line = MA6   176.4031 13.2817  28.39 85.9%
Line = MA7    97.0609  9.8519  34.52 88.4%
Line = MA9    28.6336  5.3510  15.68 74.5%
Line = UM13   75.8277  8.7079  18.66 78.6%
Line = UM17  203.3757 14.2610  26.17 84.7%
Line = UM18  154.5075 12.4301  39.26 89.8%
Line = UM2   657.9657 25.6508  60.55 93.4%
Line = UM20  227.8912 15.0961  31.57 87.3%
Line = UM21  137.9554 11.7454  26.05 84.6%
Line = UM22   33.5956  5.7962   8.91 66.3%
Line = UM23   20.0781  4.4809  10.02 60.1%
Line = UM24        --      --   0.00    --
Line = UM25   48.0187  6.9296  21.78 81.6%
Line = UM26   36.7310  6.0606  11.42 73.7%
Line = UM28  253.2013 15.9123  29.60 86.5%
Line = UM29  874.0558 29.5644  64.36 93.8%
Line = UM4   230.9637 15.1975  40.49 90.1%
Line = UM5    59.1813  7.6929  14.52 72.4%
Line = UM6    49.9726  7.0691  18.77 84.0%
Line = UM7   242.6583 15.5775  39.09 89.8%
Line = UM8     3.3987  1.8436   2.93 31.8%
Line = UM9    49.3603  7.0257  22.45 82.2%
Line = KA1    35.7630  5.9802  13.62 70.6%
Line = KA10  128.1513 11.3204  42.29 90.5%
Line = KA11   20.0614  4.4790  13.27 69.9%
Line = KA13   26.7660  5.1736  12.07 66.9%
Line = KA14   44.6882  6.6849  14.89 73.1%
Line = KA15   20.4745  4.5249  11.75 65.9%
Line = KA16   28.8810  5.3741  15.85 74.8%
Line = KA17   34.0390  5.8343  17.05 76.5%
Line = KA18   60.0994  7.7524  13.72 70.8%
Line = KA2    62.6978  7.9182  21.51 81.4%
Line = KA23   24.7501  4.9749  11.86 66.3%
Line = KA24   78.5998  8.8657  18.81 78.7%
Line = KA25    9.7089  3.1159   6.35 37.1%
Line = KA28  312.5741 17.6798  39.31 89.8%
Line = KA29   59.1072  7.6881  21.52 81.4%
Line = KA3    29.4630  5.4280  12.77 68.7%
Line = KA5    73.3871  8.5666  28.43 85.9%
Line = KA6    16.5885  4.0729   7.51 60.1%
Line = KA7   120.2217 10.9646  22.25 82.0%
Line = KA9    36.2762  6.0230  18.78 78.7%
Line = VA1    97.6590  9.8823  22.95 82.6%
Line = VA11 1165.6063 34.1410 162.28 97.5%
Line = VA15   17.3935  4.1706   7.60 60.5%
Line = VA18   71.8235  8.4749  13.72 70.9%
Line = VA22  496.3454 22.2788  59.11 93.2%
Line = VA26    4.0836  2.0208   4.53 11.8%
Line = VA30   40.1687  6.3379  11.37 64.8%
Line = VA34   34.7668  5.8963  13.29 69.9%
Line = VA35   75.3267  8.6791  26.61 85.0%
Line = VA44 1719.5988 41.4680 209.17 98.1%
Line = VA46   <0.0001  0.0018   7.01 42.9%
Line = VA47  109.5567 10.4669  17.03 76.5%
Line = VA48 1119.2460 33.4551  83.49 95.2%
Line = VA55  499.4347 22.3480  45.16 91.1%
Line = VA57   33.7951  5.8134  15.63 74.4%
Line = VA6   911.4241 30.1898  54.81 92.7%
Line = VA66  193.6044 13.9142  28.21 85.8%
Line = VA67  254.8576 15.9643  28.85 86.1%
Line = VA71   19.7386  4.4428  10.11 60.4%
Line = VA9    30.2386  5.4990  13.21 69.7%
Line = AK1  1272.2437 35.6685 749.46 99.3%
Line = AK10  177.8335 13.3354  21.31 81.2%
Line = AK11   17.2157  4.1492   9.98 59.9%
Line = AK12 1343.5817 36.6549 794.85 99.4%
Line = AK13   33.3530  5.7752  14.42 79.2%
Line = AK14 1455.2635 38.1479 617.69 99.4%
Line = AK15 1196.3463 34.5882 652.65 99.2%
Line = AK16   43.9227  6.6274  18.43 78.3%
Line = AK17 1577.2318 39.7144 836.59 99.4%
Line = AK18   39.5866  6.2918  19.15 79.1%
Line = AK19        --      --   0.00    --
Line = AK2    79.7360  8.9295  25.25 84.2%
Line = AK20   22.5936  4.7533  11.54 65.3%
Line = AK21 1039.1657 32.2361 608.71 99.2%
Line = AK3    25.7130  5.0708  12.18 67.1%
Line = AK4  1272.7463 35.6756 639.91 99.2%
Line = AK5    58.3268  7.6372  14.93 73.2%
Line = AK6  1304.4595 36.1173 670.36 99.3%
Line = AK7    66.9775  8.1840  15.66 74.4%
Line = AK8  1130.1572 33.6178 749.08 99.3%
Line = AK9  1316.3238 36.2812 701.57 99.3%

Test for subgroup differences (random effects model):
                      Q d.f. p-value
Between groups   205.86  170  0.0316

Details on meta-analytical method:
- Inverse variance method
- Restricted maximum-likelihood estimator for tau^2
- Q-profile method for confidence interval of tau^2 and tau
