Population	Mstar	SEMstar	Q	p	LLMstar	ULMstar	N_lab
YE	1.18720593225622	0.0996325066068112	4.7331894067813	0.78567534018057	0.991929807617426	1.38248205689502	3
RE	1.00843323751678	0.0760999095670785	4.7331894067813	0.78567534018057	0.859280155538547	1.157586319495	3
GI	1.04364118541197	0.0548663736063162	4.7331894067813	0.78567534018057	0.936105069181276	1.15117730164267	3
MU	1.07293907941216	0.125043989859914	4.7331894067813	0.78567534018057	0.827857362803535	1.31802079602078	3
MA	1.00798597096488	0.0583526886170654	4.7331894067813	0.78567534018057	0.893616802874351	1.12235513905541	3
UM	0.947124224936917	0.0697615251106671	4.7331894067813	0.78567534018057	0.810394148213422	1.08385430166041	3
KA	1.05478971978891	0.0519118945613454	4.7331894067813	0.78567534018057	0.953044276079428	1.15653516349838	3
VA	1.01900328729615	0.0925354300376042	4.7331894067813	0.78567534018057	0.837637177128519	1.20036939746378	3
AK	1.00100899859511	0.0661813004401025	4.7331894067813	0.78567534018057	0.871296033282486	1.13072196390774	3
