Model	Trait	Sex	Population	Line	Coef_Schmidt	Coef_Gibert	Coef_Grath	Coef_Hoedjes	Coef_StamenkovicRadak	Coef_Zwaan	SE_Schmidt	SE_Gibert	SE_Grath	SE_Hoedjes	SE_StamenkovicRadak	SE_Zwaan
lmer_pop	DT_P	NA	AK	AK1	138.780046525264	NA	NA	NA	NA	NA	3.30726419679009	NA	NA	NA	NA	NA
lmer_pop	DT_P	NA	AK	AK10	120.510046525264	NA	NA	NA	NA	NA	3.55902746089007	NA	NA	NA	NA	NA
lmer_pop	DT_P	NA	AK	AK11	138.309046525264	NA	NA	NA	NA	NA	3.77436358441653	NA	NA	NA	NA	NA
lmer_pop	DT_P	NA	AK	AK12	122.789046525264	NA	NA	NA	NA	NA	3.33758542472992	NA	NA	NA	NA	NA
lmer_pop	DT_P	NA	AK	AK13	133.940046525264	NA	NA	NA	NA	NA	4.03609668706903	NA	NA	NA	NA	NA
lmer_pop	DT_P	NA	AK	AK14	128.738046525264	NA	NA	NA	NA	NA	3.97187568629352	NA	NA	NA	NA	NA
lmer_pop	DT_P	NA	AK	AK15	150.663046525264	NA	NA	NA	NA	NA	3.77436358441653	NA	NA	NA	NA	NA
lmer_pop	DT_P	NA	AK	AK16	115.575046525264	NA	NA	NA	NA	NA	3.55902746089007	NA	NA	NA	NA	NA
lmer_pop	DT_P	NA	AK	AK17	117.320046525264	NA	NA	NA	NA	NA	3.53664197613635	NA	NA	NA	NA	NA
lmer_pop	DT_P	NA	AK	AK18	134.489046525264	NA	NA	NA	NA	NA	3.66731024967477	NA	NA	NA	NA	NA
lmer_pop	DT_P	NA	AK	AK2	120.183046525264	NA	NA	NA	NA	NA	3.47676350466488	NA	NA	NA	NA	NA
lmer_pop	DT_P	NA	AK	AK20	115.426046525264	NA	NA	NA	NA	NA	3.55902746089007	NA	NA	NA	NA	NA
lmer_pop	DT_P	NA	AK	AK21	151.811046525264	NA	NA	NA	NA	NA	4.18948928478993	NA	NA	NA	NA	NA
lmer_pop	DT_P	NA	AK	AK3	125.911046525264	NA	NA	NA	NA	NA	4.51960523357623	NA	NA	NA	NA	NA
lmer_pop	DT_P	NA	AK	AK4	115.404046525264	NA	NA	NA	NA	NA	3.5834753337186	NA	NA	NA	NA	NA
lmer_pop	DT_P	NA	AK	AK5	116.511046525264	NA	NA	NA	NA	NA	3.60943824817237	NA	NA	NA	NA	NA
lmer_pop	DT_P	NA	AK	AK6	120.429046525264	NA	NA	NA	NA	NA	3.4593195092922	NA	NA	NA	NA	NA
lmer_pop	DT_P	NA	AK	AK7	126.477046525264	NA	NA	NA	NA	NA	4.39177919155433	NA	NA	NA	NA	NA
lmer_pop	DT_P	NA	AK	AK8	140.752046525264	NA	NA	NA	NA	NA	3.60943824817237	NA	NA	NA	NA	NA
lmer_pop	DT_P	NA	AK	AK9	116.024046525264	NA	NA	NA	NA	NA	3.55902746089007	NA	NA	NA	NA	NA
lmer_pop	DT_P	NA	GI	GI1	161.518391647101	NA	NA	NA	NA	NA	5.25396300792737	NA	NA	NA	NA	NA
lmer_pop	DT_P	NA	GI	GI10	137.669391647101	NA	NA	NA	NA	NA	4.22751372424375	NA	NA	NA	NA	NA
lmer_pop	DT_P	NA	GI	GI11	137.396391647101	NA	NA	NA	NA	NA	4.15244305062324	NA	NA	NA	NA	NA
lmer_pop	DT_P	NA	GI	GI12	137.480391647101	NA	NA	NA	NA	NA	4.64325147807754	NA	NA	NA	NA	NA
lmer_pop	DT_P	NA	GI	GI13	143.532391647101	NA	NA	NA	NA	NA	5.89034670360491	NA	NA	NA	NA	NA
lmer_pop	DT_P	NA	GI	GI14	156.168391647101	NA	NA	NA	NA	NA	9.05352524095831	NA	NA	NA	NA	NA
lmer_pop	DT_P	NA	GI	GI15	139.766391647101	NA	NA	NA	NA	NA	4.64325147807754	NA	NA	NA	NA	NA
lmer_pop	DT_P	NA	GI	GI2	127.316391647101	NA	NA	NA	NA	NA	5.11965030921734	NA	NA	NA	NA	NA
lmer_pop	DT_P	NA	GI	GI3	140.115391647101	NA	NA	NA	NA	NA	7.56701475409353	NA	NA	NA	NA	NA
lmer_pop	DT_P	NA	GI	GI5	127.904391647101	NA	NA	NA	NA	NA	4.27689423398209	NA	NA	NA	NA	NA
lmer_pop	DT_P	NA	GI	GI7	156.168391647101	NA	NA	NA	NA	NA	9.05352524095831	NA	NA	NA	NA	NA
lmer_pop	DT_P	NA	GI	GI8	141.192391647101	NA	NA	NA	NA	NA	4.3607229089532	NA	NA	NA	NA	NA
lmer_pop	DT_P	NA	GI	GI9	119.263391647101	NA	NA	NA	NA	NA	4.91266447955376	NA	NA	NA	NA	NA
lmer_pop	DT_P	NA	KA	KA1	112.906288931061	NA	NA	NA	NA	NA	3.42586537757955	NA	NA	NA	NA	NA
lmer_pop	DT_P	NA	KA	KA10	126.772288931061	NA	NA	NA	NA	NA	3.50861120463614	NA	NA	NA	NA	NA
lmer_pop	DT_P	NA	KA	KA11	127.036288931061	NA	NA	NA	NA	NA	3.44052853284176	NA	NA	NA	NA	NA
lmer_pop	DT_P	NA	KA	KA13	119.137288931061	NA	NA	NA	NA	NA	3.48990566997136	NA	NA	NA	NA	NA
lmer_pop	DT_P	NA	KA	KA14	146.706288931061	NA	NA	NA	NA	NA	7.18103624731823	NA	NA	NA	NA	NA
lmer_pop	DT_P	NA	KA	KA15	127.931288931061	NA	NA	NA	NA	NA	4.86507076878623	NA	NA	NA	NA	NA
lmer_pop	DT_P	NA	KA	KA16	132.022288931061	NA	NA	NA	NA	NA	3.74784972821727	NA	NA	NA	NA	NA
lmer_pop	DT_P	NA	KA	KA17	131.049288931061	NA	NA	NA	NA	NA	3.62209905790803	NA	NA	NA	NA	NA
lmer_pop	DT_P	NA	KA	KA18	149.725288931061	NA	NA	NA	NA	NA	3.59622754915457	NA	NA	NA	NA	NA
lmer_pop	DT_P	NA	KA	KA2	116.015288931061	NA	NA	NA	NA	NA	3.48990566997136	NA	NA	NA	NA	NA
lmer_pop	DT_P	NA	KA	KA23	140.241288931061	NA	NA	NA	NA	NA	3.57186696075011	NA	NA	NA	NA	NA
lmer_pop	DT_P	NA	KA	KA24	115.845288931061	NA	NA	NA	NA	NA	3.67977194745792	NA	NA	NA	NA	NA
lmer_pop	DT_P	NA	KA	KA25	136.263288931061	NA	NA	NA	NA	NA	3.74784972821727	NA	NA	NA	NA	NA
lmer_pop	DT_P	NA	KA	KA28	131.837288931061	NA	NA	NA	NA	NA	3.71231377786122	NA	NA	NA	NA	NA
lmer_pop	DT_P	NA	KA	KA29	124.507288931061	NA	NA	NA	NA	NA	4.20040207424221	NA	NA	NA	NA	NA
lmer_pop	DT_P	NA	KA	KA3	119.747288931061	NA	NA	NA	NA	NA	3.59622754915457	NA	NA	NA	NA	NA
lmer_pop	DT_P	NA	KA	KA5	118.556288931061	NA	NA	NA	NA	NA	3.38593097763352	NA	NA	NA	NA	NA
lmer_pop	DT_P	NA	KA	KA6	115.162288931061	NA	NA	NA	NA	NA	4.11894605272978	NA	NA	NA	NA	NA
lmer_pop	DT_P	NA	KA	KA7	116.942288931061	NA	NA	NA	NA	NA	3.71231377786122	NA	NA	NA	NA	NA
lmer_pop	DT_P	NA	KA	KA9	137.442288931061	NA	NA	NA	NA	NA	3.52867929759822	NA	NA	NA	NA	NA
lmer_pop	DT_P	NA	MA	MA12	139.853669544701	NA	NA	NA	NA	NA	4.17058659016065	NA	NA	NA	NA	NA
lmer_pop	DT_P	NA	MA	MA13	136.266669544701	NA	NA	NA	NA	NA	3.50218681769375	NA	NA	NA	NA	NA
lmer_pop	DT_P	NA	MA	MA18	137.986669544701	NA	NA	NA	NA	NA	3.4367771976123	NA	NA	NA	NA	NA
lmer_pop	DT_P	NA	MA	MA19	116.214669544701	NA	NA	NA	NA	NA	3.88378546086519	NA	NA	NA	NA	NA
lmer_pop	DT_P	NA	MA	MA20	121.237669544701	NA	NA	NA	NA	NA	4.17058659016065	NA	NA	NA	NA	NA
lmer_pop	DT_P	NA	MA	MA21	118.641669544701	NA	NA	NA	NA	NA	3.65526038826618	NA	NA	NA	NA	NA
lmer_pop	DT_P	NA	MA	MA23	154.513669544701	NA	NA	NA	NA	NA	5.13517570352056	NA	NA	NA	NA	NA
lmer_pop	DT_P	NA	MA	MA26	130.506669544701	NA	NA	NA	NA	NA	3.88378546086519	NA	NA	NA	NA	NA
lmer_pop	DT_P	NA	MA	MA27	138.153669544701	NA	NA	NA	NA	NA	3.47405433262462	NA	NA	NA	NA	NA
lmer_pop	DT_P	NA	MA	MA28	135.738669544701	NA	NA	NA	NA	NA	3.63129584391411	NA	NA	NA	NA	NA
lmer_pop	DT_P	NA	MA	MA3	115.874669544701	NA	NA	NA	NA	NA	3.53362766941112	NA	NA	NA	NA	NA
lmer_pop	DT_P	NA	MA	MA30	165.017669544701	NA	NA	NA	NA	NA	4.34395183053724	NA	NA	NA	NA	NA
lmer_pop	DT_P	NA	MA	MA31	157.443669544701	NA	NA	NA	NA	NA	3.8045306551568	NA	NA	NA	NA	NA
lmer_pop	DT_P	NA	MA	MA32	113.204669544701	NA	NA	NA	NA	NA	3.65526038826618	NA	NA	NA	NA	NA
lmer_pop	DT_P	NA	MA	MA33	110.671669544701	NA	NA	NA	NA	NA	5.13517570352056	NA	NA	NA	NA	NA
lmer_pop	DT_P	NA	MA	MA5	119.277669544701	NA	NA	NA	NA	NA	3.8045306551568	NA	NA	NA	NA	NA
lmer_pop	DT_P	NA	MA	MA6	130.452669544701	NA	NA	NA	NA	NA	4.9088684547488	NA	NA	NA	NA	NA
lmer_pop	DT_P	NA	MA	MA7	133.054669544701	NA	NA	NA	NA	NA	3.73748545228311	NA	NA	NA	NA	NA
lmer_pop	DT_P	NA	MA	MA9	133.956669544701	NA	NA	NA	NA	NA	3.48778289261643	NA	NA	NA	NA	NA
lmer_pop	DT_P	NA	MU	MU1	140.853903143323	NA	NA	NA	NA	NA	3.63577816832778	NA	NA	NA	NA	NA
lmer_pop	DT_P	NA	MU	MU10	130.569903143323	NA	NA	NA	NA	NA	3.41056635902147	NA	NA	NA	NA	NA
lmer_pop	DT_P	NA	MU	MU11	144.586903143323	NA	NA	NA	NA	NA	3.53479884707588	NA	NA	NA	NA	NA
lmer_pop	DT_P	NA	MU	MU12	118.965903143323	NA	NA	NA	NA	NA	3.53479884707588	NA	NA	NA	NA	NA
lmer_pop	DT_P	NA	MU	MU13	119.388903143323	NA	NA	NA	NA	NA	3.73387022930483	NA	NA	NA	NA	NA
lmer_pop	DT_P	NA	MU	MU14	141.081903143323	NA	NA	NA	NA	NA	3.81459341074366	NA	NA	NA	NA	NA
lmer_pop	DT_P	NA	MU	MU15	133.828903143323	NA	NA	NA	NA	NA	3.81459341074366	NA	NA	NA	NA	NA
lmer_pop	DT_P	NA	MU	MU16	147.068903143323	NA	NA	NA	NA	NA	4.03448173738449	NA	NA	NA	NA	NA
lmer_pop	DT_P	NA	MU	MU17	122.416903143323	NA	NA	NA	NA	NA	3.31531640862361	NA	NA	NA	NA	NA
lmer_pop	DT_P	NA	MU	MU18	147.512903143323	NA	NA	NA	NA	NA	4.28220164042855	NA	NA	NA	NA	NA
lmer_pop	DT_P	NA	MU	MU19	125.946903143323	NA	NA	NA	NA	NA	3.6655328247458	NA	NA	NA	NA	NA
lmer_pop	DT_P	NA	MU	MU2	128.447903143323	NA	NA	NA	NA	NA	3.73387022930483	NA	NA	NA	NA	NA
lmer_pop	DT_P	NA	MU	MU20	117.896903143323	NA	NA	NA	NA	NA	3.47488861537876	NA	NA	NA	NA	NA
lmer_pop	DT_P	NA	MU	MU3	116.838903143323	NA	NA	NA	NA	NA	3.42529500762911	NA	NA	NA	NA	NA
lmer_pop	DT_P	NA	MU	MU4	132.683903143323	NA	NA	NA	NA	NA	3.55719593068599	NA	NA	NA	NA	NA
lmer_pop	DT_P	NA	MU	MU5	121.403903143323	NA	NA	NA	NA	NA	4.10623013106778	NA	NA	NA	NA	NA
lmer_pop	DT_P	NA	MU	MU6	121.391903143323	NA	NA	NA	NA	NA	3.91322346528906	NA	NA	NA	NA	NA
lmer_pop	DT_P	NA	MU	MU7	140.874903143323	NA	NA	NA	NA	NA	3.53479884707588	NA	NA	NA	NA	NA
lmer_pop	DT_P	NA	MU	MU8	124.978903143323	NA	NA	NA	NA	NA	3.73387022930483	NA	NA	NA	NA	NA
lmer_pop	DT_P	NA	MU	MU9	117.859903143323	NA	NA	NA	NA	NA	3.6655328247458	NA	NA	NA	NA	NA
lmer_pop	DT_P	NA	RE	RE10	145.986759066547	NA	NA	NA	NA	NA	6.02088477473335	NA	NA	NA	NA	NA
lmer_pop	DT_P	NA	RE	RE11	143.449759066547	NA	NA	NA	NA	NA	3.83769624522524	NA	NA	NA	NA	NA
lmer_pop	DT_P	NA	RE	RE12	121.365759066547	NA	NA	NA	NA	NA	3.82455611419364	NA	NA	NA	NA	NA
lmer_pop	DT_P	NA	RE	RE13	149.263759066547	NA	NA	NA	NA	NA	4.23130588242163	NA	NA	NA	NA	NA
lmer_pop	DT_P	NA	RE	RE15	119.823759066547	NA	NA	NA	NA	NA	3.97787989645438	NA	NA	NA	NA	NA
lmer_pop	DT_P	NA	RE	RE16	138.868759066547	NA	NA	NA	NA	NA	4.45605121947851	NA	NA	NA	NA	NA
lmer_pop	DT_P	NA	RE	RE17	163.450759066547	NA	NA	NA	NA	NA	4.00128447759166	NA	NA	NA	NA	NA
lmer_pop	DT_P	NA	RE	RE18	133.157759066547	NA	NA	NA	NA	NA	3.89884963426597	NA	NA	NA	NA	NA
lmer_pop	DT_P	NA	RE	RE2	130.949759066547	NA	NA	NA	NA	NA	3.81204059141766	NA	NA	NA	NA	NA
lmer_pop	DT_P	NA	RE	RE3	121.699759066547	NA	NA	NA	NA	NA	5.36960235684319	NA	NA	NA	NA	NA
lmer_pop	DT_P	NA	RE	RE4	128.687759066547	NA	NA	NA	NA	NA	4.45605121947851	NA	NA	NA	NA	NA
lmer_pop	DT_P	NA	RE	RE5	134.200759066547	NA	NA	NA	NA	NA	6.02088477473335	NA	NA	NA	NA	NA
lmer_pop	DT_P	NA	RE	RE6	149.908759066547	NA	NA	NA	NA	NA	4.61871383294266	NA	NA	NA	NA	NA
lmer_pop	DT_P	NA	RE	RE7	121.772759066547	NA	NA	NA	NA	NA	4.23130588242163	NA	NA	NA	NA	NA
lmer_pop	DT_P	NA	RE	RE8	126.456759066547	NA	NA	NA	NA	NA	3.85147562248756	NA	NA	NA	NA	NA
lmer_pop	DT_P	NA	UM	UM13	123.085825938646	NA	NA	NA	NA	NA	3.96130922773289	NA	NA	NA	NA	NA
lmer_pop	DT_P	NA	UM	UM17	117.319825938646	NA	NA	NA	NA	NA	4.07660971859237	NA	NA	NA	NA	NA
lmer_pop	DT_P	NA	UM	UM18	126.651825938646	NA	NA	NA	NA	NA	3.69706407811952	NA	NA	NA	NA	NA
lmer_pop	DT_P	NA	UM	UM2	134.954825938646	NA	NA	NA	NA	NA	3.70568020715789	NA	NA	NA	NA	NA
lmer_pop	DT_P	NA	UM	UM20	139.725825938646	NA	NA	NA	NA	NA	3.73573698187141	NA	NA	NA	NA	NA
lmer_pop	DT_P	NA	UM	UM21	155.382825938646	NA	NA	NA	NA	NA	3.98695909155358	NA	NA	NA	NA	NA
lmer_pop	DT_P	NA	UM	UM22	140.377825938646	NA	NA	NA	NA	NA	3.96130922773289	NA	NA	NA	NA	NA
lmer_pop	DT_P	NA	UM	UM23	124.069825938646	NA	NA	NA	NA	NA	4.11214625198591	NA	NA	NA	NA	NA
lmer_pop	DT_P	NA	UM	UM25	150.666825938646	NA	NA	NA	NA	NA	4.07660971859237	NA	NA	NA	NA	NA
lmer_pop	DT_P	NA	UM	UM28	127.804825938646	NA	NA	NA	NA	NA	3.87607363161766	NA	NA	NA	NA	NA
lmer_pop	DT_P	NA	UM	UM29	110.106825938646	NA	NA	NA	NA	NA	4.19352391166686	NA	NA	NA	NA	NA
lmer_pop	DT_P	NA	UM	UM4	131.832825938646	NA	NA	NA	NA	NA	3.89509470972424	NA	NA	NA	NA	NA
lmer_pop	DT_P	NA	UM	UM5	133.994825938646	NA	NA	NA	NA	NA	3.98695909155358	NA	NA	NA	NA	NA
lmer_pop	DT_P	NA	UM	UM7	117.684825938646	NA	NA	NA	NA	NA	3.93766705013536	NA	NA	NA	NA	NA
lmer_pop	DT_P	NA	UM	UM9	133.751825938646	NA	NA	NA	NA	NA	3.96130922773289	NA	NA	NA	NA	NA
lmer_pop	DT_P	NA	VA	VA1	115.620350579933	NA	NA	NA	NA	NA	3.68842543408	NA	NA	NA	NA	NA
lmer_pop	DT_P	NA	VA	VA11	172.748350579933	NA	NA	NA	NA	NA	3.98783013464318	NA	NA	NA	NA	NA
lmer_pop	DT_P	NA	VA	VA15	133.417350579933	NA	NA	NA	NA	NA	3.89109164409787	NA	NA	NA	NA	NA
lmer_pop	DT_P	NA	VA	VA18	157.800350579933	NA	NA	NA	NA	NA	5.8176677614632	NA	NA	NA	NA	NA
lmer_pop	DT_P	NA	VA	VA22	150.314350579933	NA	NA	NA	NA	NA	4.58293237815792	NA	NA	NA	NA	NA
lmer_pop	DT_P	NA	VA	VA26	133.700350579933	NA	NA	NA	NA	NA	3.5770425190048	NA	NA	NA	NA	NA
lmer_pop	DT_P	NA	VA	VA30	135.969350579933	NA	NA	NA	NA	NA	4.17739119340866	NA	NA	NA	NA	NA
lmer_pop	DT_P	NA	VA	VA34	144.440350579933	NA	NA	NA	NA	NA	3.77705628535877	NA	NA	NA	NA	NA
lmer_pop	DT_P	NA	VA	VA35	135.796350579933	NA	NA	NA	NA	NA	3.77705628535877	NA	NA	NA	NA	NA
lmer_pop	DT_P	NA	VA	VA44	171.036350579933	NA	NA	NA	NA	NA	4.91465097262951	NA	NA	NA	NA	NA
lmer_pop	DT_P	NA	VA	VA46	124.995350579933	NA	NA	NA	NA	NA	3.52534667554387	NA	NA	NA	NA	NA
lmer_pop	DT_P	NA	VA	VA47	139.187350579933	NA	NA	NA	NA	NA	3.5102873362117	NA	NA	NA	NA	NA
lmer_pop	DT_P	NA	VA	VA48	147.194350579933	NA	NA	NA	NA	NA	5.14070366611111	NA	NA	NA	NA	NA
lmer_pop	DT_P	NA	VA	VA55	123.499350579933	NA	NA	NA	NA	NA	3.5586966972149	NA	NA	NA	NA	NA
lmer_pop	DT_P	NA	VA	VA57	143.269350579933	NA	NA	NA	NA	NA	3.84996859503662	NA	NA	NA	NA	NA
lmer_pop	DT_P	NA	VA	VA66	154.161350579933	NA	NA	NA	NA	NA	4.25772922844657	NA	NA	NA	NA	NA
lmer_pop	DT_P	NA	VA	VA67	120.931350579933	NA	NA	NA	NA	NA	3.98783013464318	NA	NA	NA	NA	NA
lmer_pop	DT_P	NA	VA	VA71	138.259350579933	NA	NA	NA	NA	NA	4.04378958191054	NA	NA	NA	NA	NA
lmer_pop	DT_P	NA	VA	VA9	132.201350579933	NA	NA	NA	NA	NA	3.52534667554387	NA	NA	NA	NA	NA
lmer_pop	DT_P	NA	YE	YE11	144.083245975657	NA	NA	NA	NA	NA	3.93223921672368	NA	NA	NA	NA	NA
lmer_pop	DT_P	NA	YE	YE13	132.163245975657	NA	NA	NA	NA	NA	4.05292860257119	NA	NA	NA	NA	NA
lmer_pop	DT_P	NA	YE	YE14	127.666245975657	NA	NA	NA	NA	NA	3.47894312364254	NA	NA	NA	NA	NA
lmer_pop	DT_P	NA	YE	YE15	134.133245975657	NA	NA	NA	NA	NA	5.09770048723341	NA	NA	NA	NA	NA
lmer_pop	DT_P	NA	YE	YE19	147.718245975657	NA	NA	NA	NA	NA	5.38965214624652	NA	NA	NA	NA	NA
lmer_pop	DT_P	NA	YE	YE20	133.884245975657	NA	NA	NA	NA	NA	3.57810428265299	NA	NA	NA	NA	NA
lmer_pop	DT_P	NA	YE	YE21	135.402245975657	NA	NA	NA	NA	NA	3.55583889645463	NA	NA	NA	NA	NA
lmer_pop	DT_P	NA	YE	YE22	121.594245975657	NA	NA	NA	NA	NA	3.51496077610259	NA	NA	NA	NA	NA
lmer_pop	DT_P	NA	YE	YE23	137.315245975657	NA	NA	NA	NA	NA	4.05292860257119	NA	NA	NA	NA	NA
lmer_pop	DT_P	NA	YE	YE24	125.844245975657	NA	NA	NA	NA	NA	3.46233812004831	NA	NA	NA	NA	NA
lmer_pop	DT_P	NA	YE	YE26	144.247245975657	NA	NA	NA	NA	NA	3.71831551344687	NA	NA	NA	NA	NA
lmer_pop	DT_P	NA	YE	YE27	139.484245975657	NA	NA	NA	NA	NA	4.05292860257119	NA	NA	NA	NA	NA
lmer_pop	DT_P	NA	YE	YE33	151.350245975657	NA	NA	NA	NA	NA	3.47894312364254	NA	NA	NA	NA	NA
lmer_pop	DT_P	NA	YE	YE40	124.973245975657	NA	NA	NA	NA	NA	4.2057073433062	NA	NA	NA	NA	NA
lmer_pop	DT_P	NA	YE	YE41	131.109245975657	NA	NA	NA	NA	NA	3.79235734834413	NA	NA	NA	NA	NA
lmer_pop	DT_P	NA	YE	YE48	131.524245975657	NA	NA	NA	NA	NA	4.29958582395324	NA	NA	NA	NA	NA
lmer_pop	DT_P	NA	YE	YE49	132.729245975657	NA	NA	NA	NA	NA	3.79235734834413	NA	NA	NA	NA	NA
lmer_pop	DT_P	NA	YE	YE51	136.591245975657	NA	NA	NA	NA	NA	5.38965214624652	NA	NA	NA	NA	NA
lmer_pop	DT_P	NA	YE	YE69	133.617245975657	NA	NA	NA	NA	NA	3.65623717194874	NA	NA	NA	NA	NA
lmer_pop	DT_P	NA	YE	YE80	138.574245975657	NA	NA	NA	NA	NA	4.12435610217397	NA	NA	NA	NA	NA
lmer_pop	DT_A	F	AK	AK1	233.533535716851	209.472651711481	307.611713870422	228.430110894337	234.001492060479	214.395109521818	5.42958267261729	2.48079642082091	3.00038814237268	2.38221509602351	8.31034857852687	2.90401196265524
lmer_pop	DT_A	F	AK	AK10	216.556535716851	219.552651711481	NA	225.165110894337	257.201492060479	221.680109521818	5.77615512246563	2.4738374808297	NA	2.36793913851736	8.27094417201709	3.00329576952466
lmer_pop	DT_A	F	AK	AK11	225.479535716851	225.714651711481	NA	232.707110894337	238.179492060479	222.077109521818	6.75145754624777	2.43160171112743	NA	2.40833879753707	8.21364337530085	3.11578793874756
lmer_pop	DT_A	F	AK	AK12	208.42353571685	219.693651711481	309.277713870422	228.799110894337	244.879492060479	220.445109521818	6.02140249433518	2.07264441753955	2.80565589566693	2.33365909329583	8.22754121816619	3.12283436628406
lmer_pop	DT_A	F	AK	AK13	218.80353571685	224.932651711481	NA	234.998110894337	NA	223.243109521818	6.99465388699012	2.44536845517354	NA	2.35369937836639	NA	3.14335958478262
lmer_pop	DT_A	F	AK	AK14	217.217535716851	227.374651711481	309.649713870422	237.254110894337	NA	221.122109521818	6.99465388699012	2.49553038081243	2.9449619700245	2.39062936561114	NA	3.0898578412679
lmer_pop	DT_A	F	AK	AK15	249.990535716851	219.869651711481	309.391713870422	233.788110894337	223.069492060479	220.346109521818	6.99465388699012	2.56687570434523	2.98158280195111	2.46603807020944	8.42247882138172	3.05104662030011
lmer_pop	DT_A	F	AK	AK16	207.11353571685	219.026651711481	NA	229.674110894337	223.745492060479	219.010109521818	6.24672073961898	2.43083851408477	NA	2.39399848866333	8.144330696664	3.02365432535612
lmer_pop	DT_A	F	AK	AK17	203.276535716851	215.442651711481	313.600713870422	228.166110894337	228.012492060479	219.675109521818	5.77615512246563	2.5056446040007	2.9279521862371	2.4703013507915	8.22754121816619	3.0620812332864
lmer_pop	DT_A	F	AK	AK18	223.49353571685	227.797651711481	NA	238.509110894337	231.938492060479	222.551109521818	7.29974684484236	2.5747914248649	NA	2.37297361209987	8.36879886821422	3.30766526106327
lmer_pop	DT_A	F	AK	AK2	204.550535716851	222.785651711481	NA	227.605110894337	231.750492060479	212.939109521818	5.92939524730692	2.4738374808297	NA	2.40074254423966	8.27996633426873	2.88083694075953
lmer_pop	DT_A	F	AK	AK20	212.873535716851	223.787651711481	NA	232.272110894337	232.070492060479	225.587109521818	6.75145754624777	2.47770193557616	NA	2.37801256593028	8.28160724114731	3.23769277097824
lmer_pop	DT_A	F	AK	AK21	255.165535716851	226.050651711481	307.978713870422	232.475110894337	247.755492060479	219.890109521818	7.29974684484236	2.4908713097143	2.9279521862371	2.43203284593821	8.24963814337475	3.25158568689874
lmer_pop	DT_A	F	AK	AK3	214.062535716851	221.135651711481	NA	228.738110894337	240.073492060479	219.721109521818	7.69538036738834	2.4738374808297	NA	2.5259698659569	8.33584515790832	3.05380115253838
lmer_pop	DT_A	F	AK	AK4	207.622535716851	228.001651711481	308.341713870422	229.954110894337	229.659492060479	221.349109521818	5.77615512246563	2.54007221975239	2.9449619700245	2.49765104923052	8.27914594004862	3.21006393694031
lmer_pop	DT_A	F	AK	AK5	206.198535716851	226.288651711481	NA	229.831110894337	233.086492060479	223.576109521818	5.92939524730692	2.38913182590619	NA	2.46348143157652	8.37044816581666	3.0455458425781
lmer_pop	DT_A	F	AK	AK6	208.497535716851	221.714651711481	310.227713870422	236.873110894337	237.767492060479	223.693109521818	6.24672073961898	2.55739611354163	2.9279521862371	2.46859570681842	8.26028779744529	3.14691189569151
lmer_pop	DT_A	F	AK	AK7	212.53053571685	219.905651711481	NA	226.051110894337	245.317492060479	217.259109521818	7.29974684484236	2.51188194021093	NA	2.42102060373767	8.22835910109808	3.03047611428382
lmer_pop	DT_A	F	AK	AK8	232.949535716851	227.962651711481	311.749713870422	234.812110894337	246.842492060479	220.019109521818	6.75145754624777	2.44766825398334	2.69572921579498	2.35202652275061	8.34654835825106	3.00532435508129
lmer_pop	DT_A	F	AK	AK9	204.431535716851	221.081651711481	308.427713870422	229.459110894337	233.443492060479	226.384109521818	5.65306713199003	2.37260086857395	2.89489360856157	2.41594469384593	8.21282621858173	3.03047611428382
lmer_pop	DT_A	F	GI	GI1	260.296476160903	228.27635510077	NA	237.049654601447	254.875214475701	219.698710024662	9.97809559467843	2.60513458026214	NA	2.46700736482354	8.65725996726473	2.8518889477205
lmer_pop	DT_A	F	GI	GI10	224.460476160903	225.90335510077	NA	241.706654601447	234.517214475701	231.387710024662	7.02402183200914	2.28859152783488	NA	2.55240853667543	8.64227592366759	3.31066316168382
lmer_pop	DT_A	F	GI	GI11	225.081476160903	223.19635510077	NA	239.387654601447	255.743214475701	223.517710024662	6.92816394844558	2.67281484231093	NA	2.75275377360446	8.59034953542663	3.18224693732751
lmer_pop	DT_A	F	GI	GI12	218.380476160903	236.77535510077	NA	248.352654601447	249.705214475701	228.960710024662	8.21244608484835	2.95653415019641	NA	2.68243421878219	8.76576369410017	3.87121990722955
lmer_pop	DT_A	F	GI	GI13	242.355476160903	228.30635510077	NA	235.895654601447	NA	230.315710024662	9.97809559467843	2.62028150802115	NA	2.77889696428162	NA	3.21160249254641
lmer_pop	DT_A	F	GI	GI14	NA	231.39835510077	NA	243.753654601447	245.568214475701	220.908710024662	NA	2.86490683640456	NA	2.82892441364091	8.7482858401406	3.29722664828039
lmer_pop	DT_A	F	GI	GI15	217.317476160903	228.07635510077	NA	241.473654601447	NA	228.484710024662	9.28755552858453	2.84634136766439	NA	2.76033337444838	NA	3.13646673346464
lmer_pop	DT_A	F	GI	GI2	232.263476160903	221.23635510077	NA	230.011654601447	237.217214475701	216.738710024662	9.97809559467843	2.71429165368749	NA	2.67494679163784	8.60606443973112	2.84673559891507
lmer_pop	DT_A	F	GI	GI3	226.134476160903	223.00535510077	NA	232.444654601447	242.958214475701	216.393710024662	11.1012651394578	2.58007193335333	NA	2.54590913783143	8.63203279307977	3.33127596727295
lmer_pop	DT_A	F	GI	GI4	NA	225.30635510077	NA	229.083654601447	238.586214475701	222.816710024662	NA	2.96682510122818	NA	2.66000006355143	8.64858307127847	3.2607360472952
lmer_pop	DT_A	F	GI	GI5	207.809476160903	219.87135510077	NA	233.443654601447	240.960214475701	220.602710024662	8.21244608484835	2.76685727519104	NA	2.82892441364091	8.84466382293892	3.27612325319582
lmer_pop	DT_A	F	GI	GI6	NA	233.61435510077	NA	244.028654601447	251.274214475701	231.087710024662	NA	2.71503704970624	NA	2.6442642337886	8.59349109156486	3.14114223971636
lmer_pop	DT_A	F	GI	GI7	NA	228.70035510077	NA	233.806654601447	241.420214475701	224.143710024662	NA	2.70684672290058	NA	2.73426211949286	8.60606443973112	3.08954018749236
lmer_pop	DT_A	F	GI	GI8	233.838476160903	220.99035510077	NA	233.046654601447	242.688214475701	229.028710024662	7.40110638327413	2.62317578161998	NA	2.62692221774715	8.55662305707132	3.1485068794796
lmer_pop	DT_A	F	GI	GI9	204.734476160903	226.08835510077	NA	245.668654601447	250.646214475701	228.915710024662	8.47380621070255	2.65373909442462	NA	2.74434205923635	8.56524285358008	3.25237506602949
lmer_pop	DT_A	F	KA	KA1	205.997363022528	219.455831663018	NA	227.100325236221	226.218624243191	219.694533528131	5.74769474290158	2.70873520189308	NA	2.50099701031057	8.33846521008892	2.72708273198967
lmer_pop	DT_A	F	KA	KA10	218.353363022528	222.590831663018	NA	237.533325236221	216.733624243191	244.118533528131	6.01968062753985	2.62089419740186	NA	2.41859939749897	8.22527550054484	3.0538926351652
lmer_pop	DT_A	F	KA	KA11	220.389363022528	221.955831663018	NA	232.496325236221	232.397624243191	224.847533528131	5.64770943459191	2.12747770704531	NA	2.30333476628613	8.19236455853029	3.08363344564756
lmer_pop	DT_A	F	KA	KA13	212.587363022528	222.781831663018	NA	231.826325236221	228.513624243191	226.554533528131	6.01968062753985	2.56588510927024	NA	2.48989297874073	8.24257884765825	3.15896505633036
lmer_pop	DT_A	F	KA	KA14	248.051363022528	230.769831663018	NA	236.072325236221	222.640624243191	221.235533528131	10.2858070591266	2.44680636626088	NA	2.39669919797675	8.24752581444055	3.76779354889785
lmer_pop	DT_A	F	KA	KA15	217.847363022528	221.285831663018	NA	232.069325236221	224.738624243191	228.033533528131	7.7651597444984	2.44001606428621	NA	2.33649118243198	8.21539561189011	3.07668900396453
lmer_pop	DT_A	F	KA	KA16	218.487363022528	216.674831663018	NA	230.233325236221	225.031624243191	220.203533528131	6.4708536421077	2.5278198895441	NA	2.50612809839848	8.21374951285119	3.11508912025262
lmer_pop	DT_A	F	KA	KA17	226.192363022528	215.972831663018	NA	227.577325236221	236.864624243191	228.254533528131	6.11032853925045	2.4596711963136	NA	2.55333958681222	8.36832659854186	3.04359248703177
lmer_pop	DT_A	F	KA	KA18	248.949363022528	222.445831663018	NA	227.474325236221	227.860624243191	225.131533528131	6.83088616927398	2.51701358637071	NA	2.58181448705797	8.3334930287283	3.13341414867493
lmer_pop	DT_A	F	KA	KA2	211.309363022528	227.063831663018	NA	234.510325236221	236.046624243191	221.561533528131	5.86879841684637	2.50931412819813	NA	2.45754166711012	8.23268911473422	2.75295263800819
lmer_pop	DT_A	F	KA	KA23	235.597363022528	219.481831663018	NA	228.623325236221	216.949624243191	220.544533528131	6.21349457693322	2.4847859855478	NA	2.58181448705797	8.17100636763081	3.14971478504265
lmer_pop	DT_A	F	KA	KA24	209.281363022528	219.762831663018	NA	228.596325236221	242.624624243191	228.850533528131	6.33248346682236	2.46118800459753	NA	2.5266907301018	8.19483069134825	3.17539528675034
lmer_pop	DT_A	F	KA	KA25	227.263363022528	226.610831663018	NA	232.206325236221	223.803624243191	222.719533528131	6.33248346682236	2.52009789372849	NA	2.49501564034825	8.1767540050966	3.04222208707981
lmer_pop	DT_A	F	KA	KA28	224.670363022528	221.314831663018	NA	233.559325236221	269.569624243191	224.690533528131	6.83088616927398	2.47639382852865	NA	2.42450944431701	8.24340324501132	3.14900432313394
lmer_pop	DT_A	F	KA	KA29	207.844363022528	224.567831663018	NA	229.212325236221	223.786624243191	212.611533528131	7.07135134592947	2.47715590828974	NA	2.36818560201315	8.18414669100348	3.33872254419505
lmer_pop	DT_A	F	KA	KA3	212.335363022528	218.168831663018	NA	226.473325236221	234.003624243191	215.166533528131	6.11032853925045	2.53710728862119	NA	2.75478529936226	8.28632518429389	3.17754437059756
lmer_pop	DT_A	F	KA	KA5	213.273363022528	229.144831663018	NA	234.786325236221	232.011624243191	216.911533528131	5.46258637072024	2.58858675612288	NA	2.44990327269923	8.26567662444299	3.04153714873191
lmer_pop	DT_A	F	KA	KA6	NA	230.340831663018	NA	227.104325236221	224.778624243191	219.722533528131	NA	2.53788226558577	NA	2.46688995408842	8.20058638512291	2.99067270478002
lmer_pop	DT_A	F	KA	KA7	201.793363022528	231.639831663018	NA	228.498325236221	210.438624243191	224.174533528131	6.83088616927398	2.47639382852865	NA	2.4304252808063	8.28880462188989	3.24775849273253
lmer_pop	DT_A	F	KA	KA9	220.296363022528	225.127831663018	NA	236.012325236221	228.001624243191	221.363533528131	6.11032853925045	2.57682874750628	NA	2.4110093416622	8.24257884765825	2.99672291463796
lmer_pop	DT_A	F	MA	MA12	210.632840283376	213.805753133096	NA	227.817074969664	248.86345094022	229.208555233662	7.39020811659286	2.43458514429375	NA	2.48841449810528	8.28603599184244	3.11811439749438
lmer_pop	DT_A	F	MA	MA13	218.774840283376	216.969753133096	NA	229.942074969664	256.81345094022	229.225555233662	5.82677612462972	2.47843031469836	NA	2.49182317076885	8.31242879416771	3.18064858100698
lmer_pop	DT_A	F	MA	MA16	NA	226.868753133096	NA	237.398074969664	236.76045094022	223.112555233662	NA	2.57248611751664	NA	2.38198293746629	8.28850863895963	3.08174713366651
lmer_pop	DT_A	F	MA	MA18	227.242840283376	221.008753133096	NA	236.085074969664	237.38545094022	231.164555233662	5.76940551587033	2.56936506258177	NA	2.37696249747036	8.68672846692634	3.0444614295244
lmer_pop	DT_A	F	MA	MA19	209.550840283376	222.007753133096	NA	226.370074969664	241.19045094022	227.827555233662	6.84916425606475	2.48071397480963	NA	2.43243144083868	8.31077808981255	3.05545698641983
lmer_pop	DT_A	F	MA	MA20	207.683840283376	224.251753133096	NA	230.131074969664	251.21245094022	221.100555233662	6.84916425606475	2.61643207915203	NA	2.54144264432242	8.44497439061294	3.15278454637511
lmer_pop	DT_A	F	MA	MA21	207.765840283376	225.126753133096	NA	230.828074969664	279.65745094022	220.062555233662	6.35219584132566	2.46324518162846	NA	2.42314995705601	8.26379788342554	3.06097131575285
lmer_pop	DT_A	F	MA	MA23	264.200840283376	229.829753133096	NA	243.890074969664	238.91645094022	223.673555233662	7.08900945171855	2.57795380579556	NA	2.46205761800583	8.33886086093949	3.04651971860707
lmer_pop	DT_A	F	MA	MA26	220.719840283376	230.892753133096	NA	237.258074969664	233.38445094022	222.426555233662	6.04041389364628	2.54526026661633	NA	2.44257297012403	8.44081793774208	3.33228486115184
lmer_pop	DT_A	F	MA	MA27	227.096840283376	219.745753133096	NA	230.605074969664	244.49545094022	224.168555233662	5.96137358387771	2.62511824968244	NA	2.46290615216669	8.44830021117316	3.2612038261755
lmer_pop	DT_A	F	MA	MA28	231.385840283376	220.996753133096	NA	235.776074969664	252.68945094022	223.769555233662	6.13075525580291	2.49139114247759	NA	2.73705237698889	8.84805924811246	3.07203277909949
lmer_pop	DT_A	F	MA	MA3	207.594840283376	221.335753133096	NA	231.613074969664	238.51145094022	218.793555233662	5.89006281855763	2.4624877308965	NA	2.50547534699117	8.35291873886658	2.82586577810443
lmer_pop	DT_A	F	MA	MA30	287.571840283377	223.946753133096	NA	229.552074969664	240.96645094022	224.576555233662	6.65340146139965	2.15785583967415	NA	2.53972571636792	8.18250331244103	3.1322192445392
lmer_pop	DT_A	F	MA	MA31	263.143840283377	237.736753133096	NA	233.665074969664	262.16445094022	218.951555233662	7.08900945171855	3.05961269196214	NA	2.63648833002927	8.25227819805588	3.18423780454
lmer_pop	DT_A	F	MA	MA32	199.465840283376	222.344753133096	NA	233.760074969664	261.28645094022	227.654555233662	6.35219584132566	2.62828115406549	NA	2.46205761800583	8.20463597352792	3.00700688324149
lmer_pop	DT_A	F	MA	MA33	211.617840283376	216.796753133096	NA	237.497074969664	231.79845094022	223.709555233662	10.2979547487137	2.45719043316057	NA	2.59573336735123	8.23419136637645	3.05270394828285
lmer_pop	DT_A	F	MA	MA5	216.410840283376	211.116753133096	NA	230.588074969664	234.44845094022	219.125555233662	6.35219584132566	2.66800708859924	NA	2.63996642296461	8.26956059643488	2.78841359842146
lmer_pop	DT_A	F	MA	MA6	214.733840283376	218.512753133096	NA	231.837074969664	256.17945094022	223.955555233662	10.2979547487137	2.47007000403143	NA	2.68968691753902	8.34051416029662	3.22469384529163
lmer_pop	DT_A	F	MA	MA7	214.823840283376	218.459753133096	NA	236.408074969664	243.91245094022	228.027555233662	6.65340146139965	2.46173045332258	NA	2.43412052174508	8.21858628099191	3.24144372091538
lmer_pop	DT_A	F	MA	MA9	222.648840283376	220.042753133096	NA	233.200074969664	234.37245094022	223.857555233662	5.66980308357839	2.57482850396212	NA	2.46290615216669	8.32068461474826	3.24144372091538
lmer_pop	DT_A	F	MU	MU1	249.586751814936	221.9364170032	NA	229.25005441886	236.205167174749	225.881835942283	6.3779540131167	2.49270038348463	NA	2.3914661337943	8.20585241444846	2.71797389065962
lmer_pop	DT_A	F	MU	MU10	223.178751814936	209.7024170032	310.261595684809	232.70905441886	239.829167174749	222.543835942283	5.76620719307167	2.42071687766753	2.88414189224871	2.47014559673818	8.208320342659	3.04838417367421
lmer_pop	DT_A	F	MU	MU11	236.940751814936	221.0324170032	NA	231.99905441886	250.497167174749	219.448835942283	5.76620719307167	2.58183078489363	NA	2.4573876920594	8.42435219157589	3.84635815679032
lmer_pop	DT_A	F	MU	MU12	207.965751814936	221.7814170032	NA	226.58505441886	239.714167174749	220.732835942283	5.8390307751742	2.39385843395645	NA	2.36714411666993	8.19762855023998	3.30895180839906
lmer_pop	DT_A	F	MU	MU13	203.785751814936	230.2354170032	308.097595684809	235.82905441886	231.921167174749	218.311835942283	6.3779540131167	2.60778127952181	3.0804693562222	2.42180227704184	8.18201410703438	3.46783723238381
lmer_pop	DT_A	F	MU	MU14	238.464751814936	217.3334170032	312.687595684809	229.02205441886	235.496167174749	218.984835942283	6.54400919875816	2.4911690432053	3.14818986953201	2.40240281157949	8.18612178309788	3.32821725106812
lmer_pop	DT_A	F	MU	MU15	225.361751814936	233.5554170032	305.633595684809	233.64305441886	237.861167174749	221.034835942283	6.3779540131167	2.45992483662091	2.96490327913475	2.40577207338622	8.19105230405163	3.11467848586454
lmer_pop	DT_A	F	MU	MU16	235.326751814936	230.0054170032	NA	225.12105441886	232.704167174749	225.804835942283	7.29187776868424	2.56852549176068	NA	2.37803411857043	8.12215598518703	3.10491385875799
lmer_pop	DT_A	F	MU	MU17	210.125751814936	235.6124170032	NA	233.36905441886	244.489167174749	225.305835942283	5.64290221370453	2.48352233769387	NA	2.50086610378985	8.14181170549341	3.34906644758019
lmer_pop	DT_A	F	MU	MU18	234.487751814936	224.0744170032	NA	233.02905441886	232.786167174749	222.628835942283	7.68791625822183	2.45840806251209	NA	2.36881811650558	8.21490321596728	3.80247380928619
lmer_pop	DT_A	F	MU	MU19	215.906751814936	224.5354170032	NA	226.40105441886	228.860167174749	223.192835942283	6.23752333810716	2.15406480910497	NA	2.46759199809957	8.208320342659	3.55126330624855
lmer_pop	DT_A	F	MU	MU2	219.097751814936	208.6544170032	NA	226.84905441886	243.708167174749	216.913835942283	6.11668745265209	2.43875341144291	NA	2.42011286288161	8.2651798436398	2.8477666811569
lmer_pop	DT_A	F	MU	MU20	206.365751814936	225.8124170032	NA	231.44605441886	236.594167174749	222.884835942283	6.11668745265209	2.47513034037087	NA	2.63031010891968	8.24208407186614	3.02055741052995
lmer_pop	DT_A	F	MU	MU3	208.933751814936	211.9834170032	298.544595684809	226.28205441886	226.504167174749	218.949835942283	5.76620719307167	2.59360660120698	2.93116691005886	2.50428817612611	8.33879097038111	3.09726444952758
lmer_pop	DT_A	F	MU	MU4	218.778751814936	231.8084170032	301.548595684809	231.43505441886	231.207167174749	219.694835942283	6.11668745265209	2.48963836768002	3.30589344272074	2.39987713624782	8.19023045144088	3.05179800614448
lmer_pop	DT_A	F	MU	MU5	217.559751814936	233.7514170032	305.104595684809	229.57405441886	244.235167174749	218.870835942283	6.54400919875816	2.49270038348463	2.94800855742041	2.51627885360209	8.25692786983813	3.12237330732688
lmer_pop	DT_A	F	MU	MU6	213.399751814936	218.4614170032	310.415595684809	229.52205441886	242.681167174749	222.273835942283	7.29187776868424	2.57634687141007	2.93116691005886	2.51627885360209	8.18694343743192	3.2794941790324
lmer_pop	DT_A	F	MU	MU7	234.056751814936	220.9894170032	300.607595684809	225.97605441886	246.535167174749	224.912835942283	6.11668745265209	2.50651215872264	3.14818986953201	2.37803411857043	8.16723471241702	3.30009122151304
lmer_pop	DT_A	F	MU	MU8	213.626751814936	230.8164170032	303.405595684809	226.70105441886	238.859167174749	229.613835942283	6.3779540131167	2.62279434989182	2.98265845423575	2.51113744527954	8.34293532563387	3.06824494952854
lmer_pop	DT_A	F	MU	MU9	210.185751814936	221.6664170032	NA	225.27805441886	230.493167174749	224.531835942283	6.11668745265209	2.58104691972549	NA	2.68443872515002	8.28500029255942	3.00709279376401
lmer_pop	DT_A	F	RE	RE1	NA	222.524521991918	NA	NA	248.30860736894	219.260937696387	NA	2.66073529517457	NA	NA	8.42044617771587	2.98133231981931
lmer_pop	DT_A	F	RE	RE10	225.336501202107	227.889521991918	NA	239.671140296062	255.43760736894	234.679937696387	10.6074183159905	2.69977041819998	NA	2.58223049905576	8.3697051818932	3.01917760345416
lmer_pop	DT_A	F	RE	RE11	241.260501202107	228.827521991918	NA	233.199140296062	276.67360736894	229.239937696387	6.55408661297748	2.79378548048838	NA	2.45873084135977	8.44709067264048	3.10422396118566
lmer_pop	DT_A	F	RE	RE12	211.372501202107	223.224521991918	NA	236.352140296062	255.46960736894	223.429937696387	6.48131362691319	3.42348014613605	NA	2.73974348256433	8.46730570085962	3.38784790113122
lmer_pop	DT_A	F	RE	RE13	252.468501202107	226.658521991918	NA	229.252140296062	290.84660736894	228.894937696387	7.53150093476795	3.12669878801712	NA	2.49230683308732	8.50700093051657	3.26018379868363
lmer_pop	DT_A	F	RE	RE15	208.111501202107	231.899521991918	NA	235.081140296062	238.10760736894	221.971937696387	8.69125556697136	2.66446942391684	NA	2.54882195342353	8.42609428097086	3.11161588265634
lmer_pop	DT_A	F	RE	RE16	223.969501202107	224.553521991918	NA	238.796140296062	240.54160736894	226.114937696387	6.30519558224886	2.59351909786447	NA	2.54314025375199	8.42205971433413	3.22286416114598
lmer_pop	DT_A	F	RE	RE17	271.464501202107	221.585521991918	NA	241.149140296062	238.79560736894	229.670937696387	6.55408661297748	2.58986801034101	NA	2.79032513343047	8.54516669420848	3.2102899247886
lmer_pop	DT_A	F	RE	RE18	215.042501202107	229.807521991918	NA	232.123140296062	253.14360736894	232.057937696387	6.73253379719779	2.62805637515402	NA	2.64968721743789	8.49240771700287	3.10422396118566
lmer_pop	DT_A	F	RE	RE2	229.537501202107	226.085521991918	NA	245.143140296062	274.47360736894	218.955937696387	6.1748281215278	2.61037168062092	NA	2.55369719235734	8.37453048426059	2.95168111441585
lmer_pop	DT_A	F	RE	RE3	214.870501202107	240.721521991918	317.061198159429	234.106140296062	252.18360736894	224.894937696387	9.42558365993377	2.89630459568529	4.46379114301538	2.67041520184666	8.47863726266255	3.27153517499036
lmer_pop	DT_A	F	RE	RE4	216.930501202107	222.427521991918	NA	242.215140296062	240.19360736894	222.680937696387	7.30619616013768	2.69072338061491	NA	2.71459653544569	8.38499050874894	3.07420906920775
lmer_pop	DT_A	F	RE	RE5	246.607501202107	221.281521991918	NA	237.306140296062	262.53760736894	223.214937696387	12.898728709854	2.59278852029773	NA	2.78525014141526	8.4648785479657	3.14003398089881
lmer_pop	DT_A	F	RE	RE6	257.666501202107	231.595521991918	NA	242.709140296062	266.18660736894	237.735937696387	8.18640350400654	2.78297059111082	NA	2.71543317911779	8.44951512406539	3.27082457511851
lmer_pop	DT_A	F	RE	RE7	218.743501202107	224.901521991918	318.244198159429	236.319140296062	252.07760736894	223.273937696387	6.55408661297748	2.33947799968021	4.41519131731146	2.85748024494549	8.38257602600834	3.15777792145034
lmer_pop	DT_A	F	RE	RE8	217.359501202107	241.640521991918	329.543198159429	242.500140296062	240.56860736894	224.098937696387	6.21418685995284	2.87262254934193	5.28098242455535	2.56998236380208	8.45679069339013	3.15709334692518
lmer_pop	DT_A	F	UM	UM13	215.323768669487	223.75650729894	NA	230.938331007551	247.671281099897	219.074039971495	6.62972222720485	2.58580981938826	NA	2.47360112712005	8.50336332912141	3.128042886126
lmer_pop	DT_A	F	UM	UM17	210.653768669487	219.12650729894	NA	229.399331007551	256.351281099897	224.192039971495	6.87150993668015	2.47910476221655	NA	2.75824319741562	8.42934445298368	3.11626271316195
lmer_pop	DT_A	F	UM	UM18	213.317768669487	215.03550729894	NA	233.429331007551	249.903281099897	229.229039971495	6.14665696211315	2.6157036189226	NA	2.52250302994656	8.64649552749822	3.02381039376537
lmer_pop	DT_A	F	UM	UM2	227.422768669487	226.99850729894	NA	230.351331007551	286.356281099897	219.017039971495	6.14665696211315	2.44020028318267	NA	2.63680062501691	8.31075525491196	2.79690334074017
lmer_pop	DT_A	F	UM	UM20	231.510768669487	220.88550729894	NA	233.021331007551	265.695281099897	223.328039971495	6.14665696211315	2.61185765730921	NA	2.60296706396557	8.89805865945189	3.10246568030067
lmer_pop	DT_A	F	UM	UM21	254.791768669487	226.34550729894	NA	232.836331007551	242.724281099897	221.853039971495	6.62972222720485	2.55616146243635	NA	2.57098921353038	8.47042784675289	3.16156105388517
lmer_pop	DT_A	F	UM	UM22	227.223768669487	236.47550729894	NA	NA	246.536281099897	226.781039971495	6.44843056951798	2.65748479243904	NA	NA	8.3213532497453	3.20682464401213
lmer_pop	DT_A	F	UM	UM23	215.196768669487	227.40550729894	NA	232.740331007551	234.924281099897	223.120039971495	6.87150993668015	2.81182866157324	NA	2.57350782708924	8.43016517673567	3.12387968677468
lmer_pop	DT_A	F	UM	UM25	236.772768669487	223.40950729894	NA	237.208331007551	241.662281099897	224.681039971495	6.87150993668015	2.46951360029556	NA	2.43742292926147	8.2676189986626	3.08463114447149
lmer_pop	DT_A	F	UM	UM26	NA	225.58750729894	NA	229.750331007551	242.361281099897	218.981039971495	NA	2.51104787330803	NA	2.4967544004346	8.33522242696898	3.05201397399217
lmer_pop	DT_A	F	UM	UM28	215.487768669487	231.95850729894	NA	229.798331007551	263.057281099897	220.286039971495	6.30781236324401	2.51254162593275	NA	2.58864105972411	8.33522242696898	3.33151681632308
lmer_pop	DT_A	F	UM	UM29	194.790768669487	220.37050729894	NA	225.058331007551	279.308281099897	218.905039971495	7.43973869231266	2.57437709398696	NA	2.40801630727235	8.23919588959061	3.31533170247616
lmer_pop	DT_A	F	UM	UM4	226.949768669487	227.44850729894	NA	233.041331007551	261.642281099897	214.635039971495	6.44843056951798	2.55011086465761	NA	2.57854814500128	8.34746955113025	2.93474995484172
lmer_pop	DT_A	F	UM	UM5	230.999768669487	224.59450729894	NA	231.787331007551	254.381281099897	226.117039971495	7.02590974962631	2.56449847378484	NA	2.38770130797166	8.30586617440028	3.24406601311433
lmer_pop	DT_A	F	UM	UM6	NA	220.98750729894	NA	234.463331007551	237.719281099897	222.079039971495	NA	2.51030126121244	NA	2.52000605874065	8.21892474153686	3.04526998761087
lmer_pop	DT_A	F	UM	UM7	205.732768669487	230.42950729894	NA	229.551331007551	252.736281099897	214.357039971495	6.87150993668015	2.17361850885678	NA	2.53416998958033	8.29690664688031	3.11073581286542
lmer_pop	DT_A	F	UM	UM8	NA	232.21150729894	NA	233.447331007551	NA	226.676039971495	NA	2.52226811065849	NA	3.04023379628764	NA	3.01514581694543
lmer_pop	DT_A	F	UM	UM9	226.551768669487	225.71350729894	NA	240.498331007551	246.219281099897	228.971039971495	6.87150993668015	2.45188935762704	NA	2.5150154146823	8.44001687836267	3.02715118509854
lmer_pop	DT_A	F	VA	VA1	208.086440427769	219.630446650254	NA	230.763376176502	243.003293633076	223.482254600444	5.91321737655391	2.56565796026078	NA	2.4543302192261	8.27642706257788	2.8059708821627
lmer_pop	DT_A	F	VA	VA11	305.978440427769	226.407446650254	NA	239.829376176502	235.192293633076	219.677254600444	6.3070243968435	2.7631707817378	NA	2.54556041472333	8.21267075452143	3.23919922072492
lmer_pop	DT_A	F	VA	VA15	221.948440427769	222.544446650254	NA	230.597376176502	NA	219.341254600444	6.3070243968435	2.56565796026078	NA	2.95883048264114	NA	3.14299595792692
lmer_pop	DT_A	F	VA	VA18	252.245440427769	222.248446650254	NA	228.115376176502	244.940293633076	222.679254600444	12.6228331107711	2.41540840626373	NA	2.43235622905166	8.36921991120866	3.02305285953536
lmer_pop	DT_A	F	VA	VA22	242.010440427769	220.205446650254	NA	233.711376176502	278.220293633076	220.591254600444	7.74441190422999	2.50539353576429	NA	2.71040178294777	8.36181110299506	3.05925866698861
lmer_pop	DT_A	F	VA	VA26	232.816440427769	234.422446650254	NA	228.701376176502	241.674293633076	233.820254600444	8.27626949430594	2.52922869053976	NA	2.36275555760778	8.35111501071393	3.06890397235641
lmer_pop	DT_A	F	VA	VA30	231.349440427769	223.911446650254	NA	226.095376176502	251.905293633076	228.787254600444	7.35141760086986	2.56176614253712	NA	2.42982588368106	8.24778818363878	3.22611958729755
lmer_pop	DT_A	F	VA	VA34	240.950440427769	223.392446650254	NA	230.526376176502	245.006293633076	232.672254600444	7.04856153710664	2.5199836842824	NA	2.46110723557638	8.32809953844042	2.97866960093679
lmer_pop	DT_A	F	VA	VA35	238.761440427769	219.010446650254	NA	233.353376176502	247.689293633076	232.437254600444	6.08393990292303	2.58830557876181	NA	2.41382535097435	8.5006153260909	3.31344663327251
lmer_pop	DT_A	F	VA	VA44	316.539440427769	217.254446650254	NA	229.065376176502	270.778293633076	223.649254600444	7.04856153710664	2.19877255964538	NA	2.43488764114618	8.48072148594514	3.16429511764389
lmer_pop	DT_A	F	VA	VA46	218.448440427769	227.304446650254	NA	226.349376176502	244.132293633076	224.715254600444	5.57559106663851	2.59771395058222	NA	2.47468317669281	8.2993732849036	3.10641780698362
lmer_pop	DT_A	F	VA	VA47	234.633440427769	230.460446650254	NA	225.120376176502	258.758293633076	222.959254600444	6.08393990292303	2.54004365494955	NA	2.5335535962372	8.89851593931098	3.84193604730023
lmer_pop	DT_A	F	VA	VA48	301.445440427769	218.526446650254	NA	222.388376176502	242.005293633076	222.577254600444	9.04435408099324	2.49391695311802	NA	2.52156733501337	8.26823952980146	3.03188779336323
lmer_pop	DT_A	F	VA	VA55	215.724440427769	232.382446650254	NA	228.959376176502	276.945293633076	221.227254600444	6.3070243968435	2.51383328187243	NA	2.39200100857136	8.23471249784542	3.42624117533266
lmer_pop	DT_A	F	VA	VA57	238.243440427769	223.630446650254	NA	236.284376176502	239.493293633076	227.518254600444	6.6102886277665	2.57267288419058	NA	2.55328980435172	8.27724603489419	3.2246692220358
lmer_pop	DT_A	F	VA	VA6	300.450440427769	225.272446650254	NA	226.453376176502	243.711293633076	226.546254600444	10.2701527127097	2.92388060102486	NA	2.44164326325662	8.2690581036882	2.99471677985497
lmer_pop	DT_A	F	VA	VA66	241.479440427769	225.553446650254	NA	234.661376176502	267.620293633076	232.176254600444	7.04856153710664	2.53154355464201	NA	2.55586811573024	8.19962297439166	3.19578653723069
lmer_pop	DT_A	F	VA	VA67	218.144440427769	218.702446650254	NA	228.759376176502	262.402293633076	221.890254600444	6.3070243968435	2.85165088484714	NA	2.88547774640638	8.29199432719123	3.26916634504042
lmer_pop	DT_A	F	VA	VA71	230.189440427769	221.088446650254	NA	227.279376176502	244.787293633076	222.274254600444	8.27626949430594	2.48628674312709	NA	2.51900155319651	8.29117464067496	3.00008943059118
lmer_pop	DT_A	F	VA	VA9	223.104440427769	225.839446650254	NA	230.593376176502	245.578293633076	219.945254600444	5.77749813867379	2.55399408163948	NA	2.48658577672407	8.30757587519798	2.98667986090658
lmer_pop	DT_A	F	YE	YE11	247.004070758441	223.687865863262	NA	237.361619370518	251.816127993044	225.909318449722	7.34805716110255	3.73460498575952	NA	3.31399356558222	8.48170249094666	2.97424334461809
lmer_pop	DT_A	F	YE	YE13	215.275070758441	223.327865863262	NA	234.625619370518	240.432127993044	222.843318449722	6.30310717367478	2.61293673854914	NA	2.39980027350619	8.37288159147917	3.09163362528696
lmer_pop	DT_A	F	YE	YE14	212.935070758441	224.702865863262	NA	234.526619370518	236.499127993044	218.236318449722	6.44210835385671	2.71574269761696	NA	2.65100666780006	8.47753750477878	3.1143762574559
lmer_pop	DT_A	F	YE	YE15	222.045070758441	209.567865863262	NA	233.674619370518	245.324127993044	220.229318449722	8.27328471907201	2.59111373730677	NA	2.58368580766323	8.35880644260476	3.03190871778901
lmer_pop	DT_A	F	YE	YE19	223.639070758441	208.917865863262	NA	228.476619370518	239.202127993044	217.455318449722	10.2677475642339	2.58334867945847	NA	2.54768843321164	8.25976544127803	3.11991722213988
lmer_pop	DT_A	F	YE	YE20	221.442070758441	207.834865863262	NA	238.392619370518	239.809127993044	219.058318449722	5.77322163465343	2.92951026618099	NA	2.58024966867944	9.08083400051619	3.44642691392187
lmer_pop	DT_A	F	YE	YE21	219.804070758441	217.873865863262	NA	239.888619370518	235.100127993044	221.282318449722	6.07987894968563	3.36698535780301	NA	2.7530451054642	8.69444196857572	3.3460123240964
lmer_pop	DT_A	F	YE	YE22	212.468070758441	222.070865863262	NA	232.482619370518	236.981127993044	215.539318449722	6.18355302741316	2.63252035123374	NA	2.47203425395369	8.26635089655229	3.26176079334537
lmer_pop	DT_A	F	YE	YE23	218.542070758441	215.172865863262	NA	232.387619370518	230.429127993044	222.898318449722	8.27328471907201	2.54092018758162	NA	2.73814469170648	8.40770183492081	3.20427893183552
lmer_pop	DT_A	F	YE	YE24	215.055070758441	218.438865863262	NA	244.020619370518	258.588127993044	230.083318449722	5.57115957793622	2.84287097837025	NA	2.59916839637611	8.56937349780781	3.01386188684966
lmer_pop	DT_A	F	YE	YE26	233.937070758441	221.150865863262	NA	229.404619370518	244.088127993044	220.076318449722	6.60655122153991	3.00722519935901	NA	2.71889837116439	8.40521249849942	3.66319238820527
lmer_pop	DT_A	F	YE	YE27	225.649070758441	210.462865863262	NA	232.006619370518	241.761127993044	224.275318449722	6.30310717367478	2.68544789553993	NA	2.64580731587173	8.36874071440446	4.04953558732418
lmer_pop	DT_A	F	YE	YE33	244.322070758441	217.953865863262	NA	232.611619370518	238.202127993044	221.648318449722	6.30310717367478	2.75508900031557	NA	2.6423429665205	8.54261330887281	3.17096365053354
lmer_pop	DT_A	F	YE	YE40	213.775070758441	212.933865863262	NA	228.638619370518	244.926127993044	225.782318449722	7.7412220639141	2.47933426541478	NA	2.47626096216057	8.31334410119844	4.62963534989582
lmer_pop	DT_A	F	YE	YE41	213.033070758441	217.352865863262	NA	229.758619370518	251.254127993044	219.411318449722	6.60655122153991	2.76638742761383	NA	2.55709862006149	8.35384134066064	4.11547366326223
lmer_pop	DT_A	F	YE	YE48	219.418070758441	215.889865863262	NA	234.309619370518	248.540127993044	226.100318449722	8.27328471907201	2.63173524497808	NA	2.42992867235242	8.27129162494775	3.19431925032627
lmer_pop	DT_A	F	YE	YE49	213.153070758441	224.785865863262	NA	231.599619370518	226.476127993044	218.177318449722	6.80366217877038	2.25086170158449	NA	2.47287936477305	8.3199496479805	3.45097645210816
lmer_pop	DT_A	F	YE	YE51	212.527070758441	214.557865863262	NA	226.339619370518	230.876127993044	217.383318449722	9.04162286554966	2.7655795775316	NA	2.65100666780006	8.18585274390706	3.25886413846988
lmer_pop	DT_A	F	YE	YE69	239.640070758441	225.267865863262	NA	228.206619370518	233.745127993044	222.010318449722	7.7412220639141	2.55090540782285	NA	2.60605992884285	8.27623375364246	3.07589263027905
lmer_pop	DT_A	F	YE	YE80	223.639070758441	224.086865863262	NA	234.821619370518	227.552127993044	217.207318449722	10.2677475642339	2.64352707564342	NA	2.7512908520766	8.19814919020939	3.30621996742579
lmer_pop	DT_A	F	AK	AK19	NA	NA	NA	NA	256.050492060479	NA	NA	NA	NA	NA	8.23163103501509	NA
lmer_pop	DT_A	F	UM	UM24	NA	NA	NA	NA	243.258281099897	NA	NA	NA	NA	NA	8.3736266878245	NA
lmer_pop	DT_A	M	AK	AK1	235.030051632149	216.131493890296	312.813231623559	234.507276437438	239.027169286812	219.311763868416	6.12904722416014	2.40103776737182	3.32522674873399	2.86031070113568	8.24383597280776	3.09245821611162
lmer_pop	DT_A	M	AK	AK10	226.374051632149	227.597493890296	NA	233.400276437438	259.261169286812	225.807763868416	7.08629105216439	2.37523016997214	NA	2.60808172936188	8.15015635104992	3.27045223453826
lmer_pop	DT_A	M	AK	AK11	242.223051632149	228.866493890296	NA	238.719276437438	240.565169286812	224.865763868416	6.91784589854278	2.36398696281216	NA	2.64625212461535	8.12619391514621	3.36167366328088
lmer_pop	DT_A	M	AK	AK12	214.163051632149	223.526493890296	315.799231623559	234.574276437438	247.866169286812	223.366763868416	6.4343142506397	1.97015084710432	3.39025691216698	2.69808567451652	8.15098322575622	3.32227825721993
lmer_pop	DT_A	M	AK	AK13	225.223051632149	229.798493890296	NA	243.273276437438	NA	233.217763868416	7.81087267057818	2.32090119573106	NA	2.60229539196288	NA	3.38056945179304
lmer_pop	DT_A	M	AK	AK14	218.655051632149	233.825493890296	313.556231623559	244.627276437438	NA	222.899763868416	7.52258046656765	2.23537633528358	3.28092943089241	2.63460856808583	NA	3.37650970950718
lmer_pop	DT_A	M	AK	AK15	255.843051632149	223.450493890296	320.700231623559	242.829276437438	232.135169286812	223.547763868416	7.52258046656765	2.30506016414884	3.55293863308895	2.71321401791883	8.22805059212444	3.38599140849416
lmer_pop	DT_A	M	AK	AK16	209.688051632149	225.433493890296	NA	237.281276437438	232.613169286812	223.705763868416	6.53317265009774	2.29953111749893	NA	2.49839354526689	8.10061531900876	3.30049841969305
lmer_pop	DT_A	M	AK	AK17	228.297051632149	224.223493890296	323.734231623559	232.517276437438	234.491169286812	222.404763868416	7.52258046656765	2.40022902247803	3.37298946492514	2.71237263425055	8.15429111244867	3.37989242704502
lmer_pop	DT_A	M	AK	AK18	228.615051632149	231.931493890296	NA	244.541276437438	241.871169286812	226.729763868416	7.08629105216439	2.5738536011875	NA	2.80213941605896	8.36056167649993	3.37245575484635
lmer_pop	DT_A	M	AK	AK2	214.512051632149	222.322493890296	NA	230.665276437438	236.136169286812	221.381763868416	6.34586100351915	2.35917747538117	NA	2.62464670137359	8.11546280544488	3.10019819018015
lmer_pop	DT_A	M	AK	AK20	213.241051632149	229.293493890296	NA	236.850276437438	236.776169286812	241.261763868416	6.26612486916636	2.29558671375007	NA	2.78341468470497	8.17166767230284	3.64786962738477
lmer_pop	DT_A	M	AK	AK21	256.989051632149	230.143493890296	315.901231623559	245.334276437438	252.854169286812	225.727763868416	8.16972458997151	2.32090119573106	3.57701285020001	2.62962550699358	8.11133722308223	3.58977336588207
lmer_pop	DT_A	M	AK	AK3	227.752051632149	223.776493890296	NA	240.067276437438	244.368169286812	223.404763868416	8.63098006462679	2.49744236376855	NA	2.82347486389223	8.28877334390073	3.30181311076146
lmer_pop	DT_A	M	AK	AK4	217.039051632149	224.034493890296	316.167231623559	237.889276437438	235.784169286812	224.534763868416	7.08629105216439	2.35757552590492	3.44620094168869	2.7275339240844	8.29710693835865	3.4345527828811
lmer_pop	DT_A	M	AK	AK5	209.571051632149	227.966493890296	NA	239.060276437438	242.969169286812	226.184763868416	7.08629105216439	2.44083988830604	NA	2.63377776340967	8.34384273261183	3.40846429032142
lmer_pop	DT_A	M	AK	AK6	215.526051632149	229.018493890296	318.942231623559	245.458276437438	241.076169286812	226.249763868416	6.194154653864	2.37844788892796	3.74651543844357	2.78511495400661	8.26878779184466	3.3031284895378
lmer_pop	DT_A	M	AK	AK7	215.767051632149	223.380493890296	NA	232.564276437438	248.268169286812	221.203763868416	10.1237558186666	2.46537205312826	NA	2.71826457634853	8.14850271808013	3.29984133230619
lmer_pop	DT_A	M	AK	AK8	234.701051632149	231.246493890296	320.443231623559	240.504276437438	250.849169286812	225.968763868416	6.53317265009774	2.26105602768836	3.50814095077378	2.5718107059096	8.21310857998111	3.47898732656448
lmer_pop	DT_A	M	AK	AK9	231.051051632149	224.342493890296	317.617231623559	239.042276437438	238.821169286812	232.939763868416	7.52258046656765	2.33999452143501	3.46600893398964	2.90508266784807	8.11628803989603	3.346247572789
lmer_pop	DT_A	M	GI	GI1	292.316151392088	235.728047085808	NA	239.701647046426	258.940726144218	222.007454684426	11.1143410967427	2.49255984349591	NA	2.86085439986702	8.66724094050746	3.16308468423564
lmer_pop	DT_A	M	GI	GI10	237.972151392088	232.467047085808	NA	247.724647046426	240.069726144218	234.360454684426	8.17930302744336	2.15130926958639	NA	2.76066656755909	8.60472158299202	3.81980624111303
lmer_pop	DT_A	M	GI	GI11	237.346151392088	229.562047085808	NA	247.939647046426	263.265726144218	227.111454684426	8.60896869635057	2.63739086473893	NA	2.76867475468652	8.54644045909223	3.52544461304472
lmer_pop	DT_A	M	GI	GI12	231.992151392088	242.584047085808	NA	253.353647046426	256.972726144218	234.451454684426	8.60896869635057	2.74381970497486	NA	3.04712370888326	8.61912672611377	3.88515028276205
lmer_pop	DT_A	M	GI	GI13	281.541151392088	230.263047085808	NA	242.263647046426	NA	238.050454684426	11.1143410967427	2.57739782986801	NA	2.93553656036481	NA	3.40351990146173
lmer_pop	DT_A	M	GI	GI14	264.655151392088	238.351047085808	NA	254.034647046426	252.107726144218	223.797454684426	14.7303204993898	2.76071649638429	NA	3.17921293675628	8.86927649364979	3.43443441044462
lmer_pop	DT_A	M	GI	GI15	227.138151392088	233.417047085808	NA	249.866647046426	NA	230.041454684426	8.44118872047913	2.6366060709572	NA	2.89110686368361	NA	3.54495595454246
lmer_pop	DT_A	M	GI	GI2	225.766151392088	224.848047085808	NA	237.157647046426	241.288726144218	219.664454684426	9.05802837347864	2.45577270393828	NA	3.01612995363901	8.605521513587	3.14797835438016
lmer_pop	DT_A	M	GI	GI3	NA	226.853047085808	NA	240.537647046426	250.106726144218	221.518454684426	NA	2.49255984349591	NA	2.73274127886971	8.50983199133853	3.52745697629979
lmer_pop	DT_A	M	GI	GI4	NA	226.547047085808	NA	236.771647046426	244.595726144218	223.920454684426	NA	2.58126607954475	NA	3.20400497771749	8.5273290379115	3.67940317438115
lmer_pop	DT_A	M	GI	GI5	215.317151392088	221.647047085808	NA	237.024647046426	249.516726144218	225.768454684426	8.17930302744336	2.81825239703763	NA	2.89356663950193	8.60952179396792	3.41764008047162
lmer_pop	DT_A	M	GI	GI6	NA	239.629047085808	NA	249.495647046426	258.366726144218	234.391454684426	NA	2.71978061126414	NA	2.86330139825316	8.48521263851464	3.39712933513666
lmer_pop	DT_A	M	GI	GI7	NA	237.128047085808	NA	243.090647046426	251.435726144218	230.683454684426	NA	2.4737379758997	NA	2.68604242282926	8.55042510760773	3.55713152970846
lmer_pop	DT_A	M	GI	GI8	245.764151392088	225.154047085808	NA	242.591647046426	245.551726144218	235.778454684426	8.81063919444805	2.59444706506191	NA	2.87636974279012	8.47172948817469	3.61804694823686
lmer_pop	DT_A	M	GI	GI9	214.480151392088	233.962047085808	NA	248.145647046426	260.188726144218	238.455454684426	9.7740453761349	2.47974909484979	NA	2.9761263241399	8.47648680296316	3.67237630419951
lmer_pop	DT_A	M	KA	KA1	208.986391418933	229.716228484017	NA	234.346772388059	225.535028241898	222.607875095229	6.44566844299064	2.72801181406072	NA	2.65097186450269	8.16963537964914	2.99582036515475
lmer_pop	DT_A	M	KA	KA10	221.014391418933	223.794228484017	NA	237.774772388059	223.763028241898	244.493875095229	6.53277044422696	2.70594465162444	NA	2.8033880977105	8.12387267480325	3.40181417192002
lmer_pop	DT_A	M	KA	KA11	223.751391418933	227.146228484017	NA	236.581772388059	238.657028241898	230.710875095229	7.00951365480982	1.99007951038517	NA	2.70026680651836	8.13218465336437	3.50313740242599
lmer_pop	DT_A	M	KA	KA13	212.443391418933	224.084228484017	NA	232.655772388059	234.311028241898	228.554875095229	6.86582418045826	2.37888702078407	NA	2.71118052264781	8.19047417653062	3.4632000606774
lmer_pop	DT_A	M	KA	KA14	NA	231.210228484017	NA	238.345772388059	230.583028241898	220.840875095229	NA	2.58255754198331	NA	2.64930780136716	8.16963537964914	3.40113137944948
lmer_pop	DT_A	M	KA	KA15	217.028391418933	229.067228484017	NA	236.802772388059	227.220028241898	231.463875095229	11.544144908869	2.38846215328083	NA	2.67431707663562	8.18463696424068	3.2979136829632
lmer_pop	DT_A	M	KA	KA16	223.622391418933	220.171228484017	NA	234.857772388059	237.882028241898	223.025875095229	7.89217471150793	2.29685686486008	NA	2.63933321624703	8.1405004291146	3.37056963439059
lmer_pop	DT_A	M	KA	KA17	224.093391418933	218.221228484017	NA	232.519772388059	246.774028241898	234.703875095229	7.00951365480982	2.38048134999098	NA	2.91142316168311	8.18547074006223	3.29200420113279
lmer_pop	DT_A	M	KA	KA18	250.718391418933	223.847228484017	NA	239.335772388059	241.489028241898	230.583875095229	6.63016098424204	2.35029518521714	NA	2.81020298668706	8.26233594308625	3.33232811413821
lmer_pop	DT_A	M	KA	KA2	209.165391418933	228.354228484017	NA	240.148772388059	237.228028241898	221.959875095229	7.17580731882938	2.3463402263216	NA	2.84351399264798	8.10642993162927	2.94811917335034
lmer_pop	DT_A	M	KA	KA23	241.873391418933	225.832228484017	NA	234.692772388059	221.214028241898	223.618875095229	6.74030427183857	2.39725852958226	NA	2.75332523076822	8.34959563310793	3.26202079396743
lmer_pop	DT_A	M	KA	KA24	207.298391418933	222.358228484017	NA	235.680772388059	249.426028241898	234.650875095229	7.17580731882938	2.57674377027575	NA	2.89503917527637	8.09481082153344	3.28872720976914
lmer_pop	DT_A	M	KA	KA25	222.066391418933	230.849228484017	NA	235.911772388059	228.251028241898	229.337875095229	7.89217471150793	2.40848011361001	NA	2.70362290757881	8.09647023315808	3.32700385636625
lmer_pop	DT_A	M	KA	KA28	221.019391418933	227.912228484017	NA	237.641772388059	268.159028241898	229.880875095229	7.00951365480982	2.29919822060972	NA	2.51452099342696	8.21885218485008	3.23689460135419
lmer_pop	DT_A	M	KA	KA29	215.087391418933	229.569228484017	NA	237.033772388059	233.123028241898	216.298875095229	8.70462559085486	2.29919822060972	NA	2.66430100146077	8.1421640389036	3.42718698939464
lmer_pop	DT_A	M	KA	KA3	214.805391418933	221.354228484017	NA	232.200772388059	241.015028241898	221.374875095229	7.89217471150793	2.58089586338831	NA	2.90538324948446	8.25396603072819	3.343677565238
lmer_pop	DT_A	M	KA	KA5	209.433391418933	230.965228484017	NA	240.288772388059	236.435028241898	220.501875095229	7.60696435360159	2.6485680013273	NA	2.74487519322553	8.12553476618093	3.29331621018631
lmer_pop	DT_A	M	KA	KA6	210.241391418933	237.155228484017	NA	233.410772388059	228.947028241898	222.180875095229	6.86582418045826	2.27740564187737	NA	2.61281760296904	8.24894582576555	3.39363104362804
lmer_pop	DT_A	M	KA	KA7	209.926391418933	232.558228484017	NA	234.277772388059	216.285028241898	225.361875095229	6.86582418045826	2.36774395948018	NA	2.71034035249909	8.31934680347051	3.65491595803186
lmer_pop	DT_A	M	KA	KA9	235.779391418933	230.298228484017	NA	238.546772388059	230.201028241898	227.226875095229	6.53277044422696	2.34554971331986	NA	2.65846587835633	8.19881620945457	3.33699560387423
lmer_pop	DT_A	M	MA	MA12	224.43815057674	215.690171467552	NA	230.876430914031	249.973647671241	231.049386916341	7.92644233117648	2.35432828236019	NA	2.53334960301376	8.22436883964126	3.43332867463731
lmer_pop	DT_A	M	MA	MA13	228.62215057674	219.988171467551	NA	240.773430914031	259.316647671241	238.434386916341	6.78039586082306	2.4011881769493	NA	2.75891558607544	8.23855192436524	3.335856380015
lmer_pop	DT_A	M	MA	MA16	NA	230.303171467552	NA	248.070430914031	246.462647671241	226.008386916341	NA	2.42762881452686	NA	2.67051684343874	8.11709688315115	3.42302217172001
lmer_pop	DT_A	M	MA	MA18	230.08015057674	224.545171467552	NA	241.560430914031	233.000647671241	234.443386916341	6.78039586082306	2.43084463944554	NA	2.74283288063454	8.36583204531756	3.38553183238421
lmer_pop	DT_A	M	MA	MA19	211.62015057674	224.352171467551	NA	235.041430914031	248.318647671241	228.655386916341	7.21347884376647	2.33228250028188	NA	2.75129282539863	8.22019937778045	3.29232224851803
lmer_pop	DT_A	M	MA	MA20	213.68215057674	231.923171467551	NA	237.218430914031	259.112647671241	224.432386916341	9.34568205266295	3.14005169720518	NA	2.60895615353919	8.15361501485458	3.29363048748441
lmer_pop	DT_A	M	MA	MA21	211.24615057674	227.280171467551	NA	236.826430914031	281.730647671241	223.429386916341	7.21347884376647	2.4566541598526	NA	2.68558600887962	8.11378073467987	3.34785689480402
lmer_pop	DT_A	M	MA	MA23	272.68915057674	234.052171467552	NA	244.872430914031	245.615647671241	229.437386916341	14.0628216240364	2.58860670267252	NA	2.69649164862233	8.23604825207224	3.27927824194392
lmer_pop	DT_A	M	MA	MA26	223.01915057674	231.889171467552	NA	240.907430914031	234.110647671241	226.434386916341	9.34568205266295	2.50053227556077	NA	2.61309533142019	8.45676402712421	3.49868915282378
lmer_pop	DT_A	M	MA	MA27	231.23415057674	225.252171467552	NA	238.125430914031	242.799647671241	227.192386916341	6.33926715239754	2.50216499478374	NA	2.65548417639608	8.21853185249422	3.32324792756827
lmer_pop	DT_A	M	MA	MA28	229.30015057674	223.660171467552	NA	246.901430914031	251.285647671241	227.827386916341	6.90518703797851	2.48748983136034	NA	2.85444761925841	8.67642707630636	3.36528539474541
lmer_pop	DT_A	M	MA	MA3	211.11915057674	223.252171467552	NA	237.380430914031	246.683647671241	221.125386916341	6.78039586082306	2.35196017422088	NA	2.66884473341744	8.14032713166136	2.97836629515021
lmer_pop	DT_A	M	MA	MA30	307.67415057674	227.585171467552	NA	237.800430914031	247.299647671241	230.675386916341	6.78039586082306	2.03763334805875	NA	2.59655679912649	8.18105193789051	3.36058220969028
lmer_pop	DT_A	M	MA	MA31	259.54315057674	235.681171467552	NA	236.690430914031	267.105647671241	223.108386916341	6.78039586082306	2.61188756670748	NA	2.83301892176702	8.21269668321326	3.48467298151301
lmer_pop	DT_A	M	MA	MA32	204.70215057674	225.249171467552	NA	240.501430914031	262.203647671241	232.248386916341	6.78039586082306	2.570380645181	NA	2.65882158316236	8.15610757717566	3.31927895605157
lmer_pop	DT_A	M	MA	MA33	209.88615057674	220.259171467552	NA	240.734430914031	236.014647671241	224.858386916341	8.73570678476942	2.4566541598526	NA	2.76739502259616	8.12290162506368	3.41890929801988
lmer_pop	DT_A	M	MA	MA5	213.22815057674	215.297171467551	NA	234.685430914031	246.926647671241	220.432386916341	7.40911276938518	2.710980756317	NA	2.54315005673869	8.21102982642629	3.08191527918708
lmer_pop	DT_A	M	MA	MA6	215.21315057674	222.698171467552	NA	236.078430914031	261.505647671241	231.535386916341	10.2131869673215	2.41478894753167	NA	2.69397331298771	8.35995232106393	3.90153633689176
lmer_pop	DT_A	M	MA	MA7	223.19515057674	222.480171467552	NA	244.449430914031	245.473647671241	226.076386916341	7.21347884376647	2.48423462280057	NA	2.80908885781315	8.20186477640677	3.53753032327453
lmer_pop	DT_A	M	MA	MA9	225.58915057674	224.563171467552	NA	237.855430914031	244.412647671241	227.703386916341	6.67091455720027	2.4340627890671	NA	2.64381773409023	8.20019888846985	3.67488513944134
lmer_pop	DT_A	M	MU	MU1	247.38835454097	226.321149420762	NA	236.891419346157	243.473921625587	227.776155453146	7.0065337105749	2.32909895967431	NA	2.7479408625179	8.18817653827045	3.0941444349516
lmer_pop	DT_A	M	MU	MU10	227.93335454097	217.803149420762	319.792552080406	237.802419346157	253.143921625587	227.050155453146	6.73720525421502	2.34567963796337	3.38123060435828	2.5736021417258	8.12323796412999	3.26416218719933
lmer_pop	DT_A	M	MU	MU11	252.85235454097	223.432149420762	NA	237.017419346157	253.133921625587	225.428155453146	7.0065337105749	2.57625250392036	NA	2.97020066391071	8.39106876517424	3.68974725209491
lmer_pop	DT_A	M	MU	MU12	229.39135454097	227.024149420762	NA	231.948419346157	250.788921625587	222.161155453146	6.73720525421502	2.46932722901521	NA	2.67058551330895	8.09168480737372	3.48871248232667
lmer_pop	DT_A	M	MU	MU13	213.66235454097	233.829149420762	312.108552080406	241.714419346157	233.651921625587	223.084155453146	7.60421854219239	2.37426640543052	3.72214499984203	2.61567562665856	8.16150739887447	3.60807022996254
lmer_pop	DT_A	M	MU	MU14	233.58635454097	222.812149420762	316.088552080406	235.622419346157	242.918921625587	222.720155453146	7.88952816316809	2.47828932208408	3.58478498655764	2.81421516304202	8.20820339793567	3.53017871847049
lmer_pop	DT_A	M	MU	MU15	227.36235454097	235.817149420762	310.533552080406	239.284419346157	239.181921625587	222.345155453146	7.88952816316809	2.43364602273132	3.56076331702193	2.59336152202033	8.13404512047252	3.35206127395397
lmer_pop	DT_A	M	MU	MU16	240.29135454097	230.225149420762	NA	230.573419346157	239.610921625587	226.758155453146	7.60421854219239	2.47095547591533	NA	2.60657399355852	8.12157589522395	3.46435416554687
lmer_pop	DT_A	M	MU	MU17	216.16735454097	244.499149420762	NA	239.463419346157	253.156921625587	230.343155453146	6.11660196820281	2.32988689939146	NA	2.75047850089682	8.11326783866296	3.5224097979
lmer_pop	DT_A	M	MU	MU18	NA	226.625149420762	NA	240.731419346157	236.623921625587	225.319155453146	NA	2.34409747321991	NA	2.73864418716555	8.03701455901896	3.947595443348
lmer_pop	DT_A	M	MU	MU19	222.17635454097	227.407149420762	NA	235.381419346157	234.697921625587	227.075155453146	7.88952816316809	1.975944828166	NA	2.73695523965878	8.13903520215282	3.80155688953117
lmer_pop	DT_A	M	MU	MU2	229.05535454097	218.708149420762	NA	232.773419346157	249.884921625587	220.984155453146	8.24495740664696	2.38863495828809	NA	2.53511873171566	8.13155059148517	3.08648194298005
lmer_pop	DT_A	M	MU	MU20	211.59735454097	229.733149420762	NA	237.203419346157	241.613921625587	228.974155453146	6.73720525421502	2.49380772393462	NA	2.79971926876529	8.09168480737372	3.41824089033262
lmer_pop	DT_A	M	MU	MU3	212.62735454097	218.530149420762	309.263552080406	231.223419346157	233.165921625587	221.465155453146	6.44242769749281	2.49217193707737	3.58478498655764	2.82190077499115	8.1790047085133	3.39646209817538
lmer_pop	DT_A	M	MU	MU4	226.98435454097	233.475149420762	301.529552080406	240.607419346157	239.645921625587	223.874155453146	6.86278184393344	2.37426640543052	3.51606532929197	2.66891419567877	8.06350017187838	3.27125996893276
lmer_pop	DT_A	M	MU	MU5	216.77135454097	231.471149420762	313.184552080406	237.808419346157	249.929921625587	223.650155453146	9.31439421741546	2.36869203653745	3.58478498655764	2.5842962260344	8.17400379385052	3.25644388625721
lmer_pop	DT_A	M	MU	MU6	223.09635454097	222.479149420762	317.977552080406	236.675419346157	247.792921625587	224.601155453146	8.24495740664696	2.44821015518602	3.53761281090074	2.76741973395718	8.10828483847741	3.55501150270177
lmer_pop	DT_A	M	MU	MU7	244.29035454097	224.859149420762	306.849552080406	237.072419346157	252.965921625587	226.471155453146	6.86278184393344	2.35518597226545	3.30336198438031	2.61484760242268	8.12739380255951	3.38833687586431
lmer_pop	DT_A	M	MU	MU8	220.54935454097	235.317149420762	314.148552080406	237.828419346157	246.573921625587	232.690155453146	7.60421854219239	2.46038167038286	3.56076331702193	2.63226119218736	8.41214657634321	3.40189164794265
lmer_pop	DT_A	M	MU	MU9	211.82635454097	225.656149420762	NA	233.005419346157	240.520921625587	228.134155453146	7.60421854219239	2.43607018863496	NA	2.76911610155581	8.22574434454917	3.3634300623533
lmer_pop	DT_A	M	RE	RE1	NA	225.212625311801	NA	NA	252.381467175213	221.652357211673	NA	2.5493717498826	NA	NA	8.38101236899498	3.19755752976503
lmer_pop	DT_A	M	RE	RE10	222.511874977275	226.106625311801	NA	240.995420585831	261.171467175213	240.530357211673	14.3252155196071	2.41240384660187	NA	2.85187141538553	8.29617697070445	3.46181659770662
lmer_pop	DT_A	M	RE	RE11	245.108874977275	227.790625311801	NA	239.020420585831	281.047467175213	231.219357211673	7.30907762191591	2.44119977042017	NA	2.82112576286366	8.37447122684452	3.6634346119669
lmer_pop	DT_A	M	RE	RE12	214.479874977275	225.665625311801	NA	242.596420585831	254.801467175213	226.474357211673	7.30907762191591	2.61970634214972	NA	3.01475016707738	8.61564700584041	3.32190760801035
lmer_pop	DT_A	M	RE	RE13	246.662874977275	225.366625311801	NA	237.712420585831	290.118467175213	226.306357211673	8.11522154245908	2.45722064924978	NA	2.90404176448843	8.42769086578564	3.58002655802399
lmer_pop	DT_A	M	RE	RE15	217.660874977275	233.817625311801	NA	244.308420585831	249.619467175213	227.841357211673	8.71848631834632	2.3496783437525	NA	2.86242966199924	8.41129795746452	3.35804484129636
lmer_pop	DT_A	M	RE	RE16	220.038874977275	226.609625311801	NA	244.461420585831	240.863467175213	233.772357211673	8.38315785865875	2.61254211814843	NA	2.72128197177233	8.28072541081074	3.40385636538281
lmer_pop	DT_A	M	RE	RE17	282.473874977275	223.377625311801	NA	243.029420585831	248.460467175213	235.618357211673	8.11522154245908	2.30934045110276	NA	2.98730908509533	8.38919235261934	3.69906111819703
lmer_pop	DT_A	M	RE	RE18	224.565874977275	227.988625311801	NA	232.907420585831	255.541467175213	234.470357211673	7.03829209987706	2.38162409273577	NA	2.86975095955957	8.46134482982739	3.3869795033565
lmer_pop	DT_A	M	RE	RE2	230.109874977275	232.502625311801	NA	258.454420585831	275.562467175213	224.053357211673	7.71253036838053	2.53528939553249	NA	2.79617588321856	8.34996457053842	3.15967548272874
lmer_pop	DT_A	M	RE	RE3	215.770874977275	236.710625311801	313.03769540054	250.522420585831	265.337467175213	232.494357211673	10.5715673238736	2.94998530828536	5.246674999338	2.99145960525846	8.3442515140213	3.6726652660101
lmer_pop	DT_A	M	RE	RE4	220.752874977275	228.080625311801	NA	249.432420585831	244.252467175213	226.421357211673	9.15212656616985	2.53607044837077	NA	2.85187141538553	8.29292278567977	3.42215928269814
lmer_pop	DT_A	M	RE	RE5	227.622874977275	222.275625311801	NA	246.188420585831	263.242467175213	224.342357211673	10.5715673238736	2.5298263416882	NA	3.05486081023229	8.25960515577148	3.54627257217449
lmer_pop	DT_A	M	RE	RE6	260.806874977275	232.499625311801	NA	249.826420585831	267.098467175213	240.326357211673	9.73604748772272	2.59507770964561	NA	2.98813898102031	8.28479018015826	3.80200593846946
lmer_pop	DT_A	M	RE	RE7	217.516874977275	228.669625311801	318.66569540054	243.245420585831	257.976467175213	225.482357211673	9.73604748772272	2.10632697345391	4.99058128364606	3.21147934290306	8.31490116172446	3.4090723307312
lmer_pop	DT_A	M	RE	RE8	228.679874977275	234.663625311801	341.18969540054	243.874420585831	246.691467175213	227.640357211673	7.89580899485239	2.74887273606828	5.68947638616054	2.9015856992157	8.38101236899498	3.47650372589432
lmer_pop	DT_A	M	UM	UM13	215.772731025366	224.892919606056	NA	233.158350725575	238.21696797908	222.261255696331	7.43080058337248	2.48562308621062	NA	2.82338784635735	8.31145911585733	3.33909885509248
lmer_pop	DT_A	M	UM	UM17	213.666731025366	224.561919606056	NA	236.195350725575	262.34396797908	227.457255696331	7.7740852394252	2.53370127021779	NA	3.16037196085499	8.32386194230586	3.5189897931196
lmer_pop	DT_A	M	UM	UM18	217.479731025366	221.853919606056	NA	239.871350725575	260.80796797908	232.445255696331	7.43080058337248	2.36317289395068	NA	2.60396926459557	8.51675652079874	3.39936967158323
lmer_pop	DT_A	M	UM	UM2	232.098731025366	230.021919606056	NA	239.185350725575	289.67696797908	221.686255696331	6.70264315847478	2.36162870212555	NA	2.80926608404373	8.25946134046089	2.98580142743618
lmer_pop	DT_A	M	UM	UM20	234.819731025366	222.588919606056	NA	239.011350725575	257.53396797908	226.170255696331	6.82821545572844	2.44438174733474	NA	2.69098196407156	9.14245468321107	3.30141926511613
lmer_pop	DT_A	M	UM	UM21	266.159731025366	232.294919606056	NA	240.404350725575	249.41096797908	225.609255696331	7.58786704613679	2.37942789903439	NA	2.71705280238688	8.31476569931877	3.32408696698506
lmer_pop	DT_A	M	UM	UM22	234.325731025366	240.812919606056	NA	NA	252.87496797908	226.305255696331	8.26861157086537	2.54741538165711	NA	NA	9.16308319478591	3.408763142854
lmer_pop	DT_A	M	UM	UM23	223.550731025366	226.167919606056	NA	240.990350725575	238.41396797908	227.185255696331	7.7740852394252	2.49839350917809	NA	2.69342067471058	8.35034979115054	3.36145581022269
lmer_pop	DT_A	M	UM	UM25	259.457731025366	225.679919606056	NA	241.862350725575	249.58096797908	229.597255696331	10.4809654760355	2.33471735477835	NA	2.77369048939466	8.2611097096315	3.26243377926356
lmer_pop	DT_A	M	UM	UM26	NA	229.361919606056	NA	232.932350725575	252.63096797908	223.156255696331	NA	2.53531262898745	NA	2.64084076213588	8.21665854435779	3.29498242242351
lmer_pop	DT_A	M	UM	UM28	229.515731025366	238.963919606056	NA	235.454350725575	257.75096797908	220.858255696331	7.17741020911086	2.40355780598329	NA	2.79517636848883	8.43586703514037	3.36542139472606
lmer_pop	DT_A	M	UM	UM29	206.789731025366	227.438919606056	NA	230.592350725575	286.68596797908	223.883255696331	7.58786704613679	2.68828218881561	NA	2.78690346638674	8.16002748981693	3.60363277319983
lmer_pop	DT_A	M	UM	UM4	229.940731025366	230.313919606056	NA	234.137350725575	269.11396797908	217.962255696331	7.58786704613679	2.56684341686501	NA	3.0259145610804	8.28337785173222	3.1526665164714
lmer_pop	DT_A	M	UM	UM5	227.509731025366	230.226919606056	NA	239.661350725575	261.38296797908	228.211255696331	7.07407593328265	2.35391803738007	NA	2.67475305980915	8.1788833977853	3.61149195819123
lmer_pop	DT_A	M	UM	UM6	NA	227.609919606056	NA	240.921350725575	239.62296797908	223.043255696331	NA	2.44990961602734	NA	2.79517636848883	8.21337041868732	3.29755502821104
lmer_pop	DT_A	M	UM	UM7	214.216731025366	233.476919606056	NA	235.938350725575	256.83996797908	217.948255696331	7.29541344337994	2.0378530679868	NA	2.89193964856779	8.26523131161905	3.34237433033464
lmer_pop	DT_A	M	UM	UM8	NA	237.997919606056	NA	239.417350725575	NA	228.128255696331	NA	2.42705791581149	NA	3.02420418142665	NA	3.45756477366367
lmer_pop	DT_A	M	UM	UM9	231.265731025366	231.644919606056	NA	242.224350725575	249.72496797908	229.266255696331	7.17741020911086	2.54499236279861	NA	2.75474861483919	8.25946134046089	3.34762395798571
lmer_pop	DT_A	M	VA	VA1	214.477470632707	234.232219187411	NA	244.022133989734	256.186128060136	225.234304417646	7.92697617292177	2.61824957754799	NA	2.77174849690302	8.34292339398544	3.01463196559714
lmer_pop	DT_A	M	VA	VA11	325.307470632707	234.318219187411	NA	243.475133989734	243.530128060136	224.852304417646	7.04867443183961	2.84238189734072	NA	2.66335253582475	8.14622770108407	3.68290956826258
lmer_pop	DT_A	M	VA	VA15	228.480470632707	226.630219187411	NA	231.306133989734	NA	220.111304417646	7.92697617292177	2.54441424503367	NA	2.92838636967258	NA	3.57473661799021
lmer_pop	DT_A	M	VA	VA18	259.167470632707	227.425219187411	NA	237.896133989734	256.269128060136	223.579304417646	10.213601286817	2.34186909333768	NA	2.70012124358965	8.27712351955131	3.3277538803223
lmer_pop	DT_A	M	VA	VA22	255.935470632707	226.098219187411	NA	242.829133989734	278.335128060136	222.921304417646	10.213601286817	2.4238885804282	NA	2.84667907044052	8.24306561649909	3.30076701510423
lmer_pop	DT_A	M	VA	VA26	235.830470632707	232.544219187411	NA	230.570133989734	247.121128060136	227.670304417646	7.04867443183961	2.56671207000907	NA	2.71270524202025	8.28627170432574	3.48840735694673
lmer_pop	DT_A	M	VA	VA30	236.299470632707	226.952219187411	NA	235.117133989734	258.168128060136	234.996304417646	8.28079822517549	2.38068474400334	NA	2.88184224587053	8.20244559615664	3.65577979205533
lmer_pop	DT_A	M	VA	VA34	248.566470632707	228.506219187411	NA	236.361133989734	254.992128060136	236.070304417646	6.4882332915879	2.32770677928519	NA	2.71270524202025	8.16852806556417	3.34434909780664
lmer_pop	DT_A	M	VA	VA35	240.737470632707	221.286219187411	NA	237.714133989734	264.185128060136	235.128304417646	7.40968388300537	2.38148081040563	NA	2.69844524311392	8.38217834204865	3.50311616821368
lmer_pop	DT_A	M	VA	VA44	309.875470632707	220.482219187411	NA	235.672133989734	277.361128060136	223.246304417646	8.73619117499551	1.9938703193363	NA	2.62680618433948	8.27961803212621	3.2393668961697
lmer_pop	DT_A	M	VA	VA46	223.118470632707	229.461219187411	NA	235.028133989734	249.865128060136	232.291304417646	7.21406544509194	2.3711439961188	NA	2.76243637575314	8.20161756959622	3.28575499512671
lmer_pop	DT_A	M	VA	VA47	235.887470632707	233.203219187411	NA	231.658133989734	262.491128060136	228.656304417646	6.41026834431052	2.36796871819081	NA	2.80911903095688	8.51555862864612	4.13943847496253
lmer_pop	DT_A	M	VA	VA48	302.265470632707	223.738219187411	NA	229.340133989734	252.267128060136	226.637304417646	10.213601286817	2.38068474400334	NA	2.72868003439101	8.25551850327461	3.28315364977031
lmer_pop	DT_A	M	VA	VA55	220.344470632707	232.936219187411	NA	233.766133989734	281.932128060136	225.707304417646	6.57477142158338	2.28787321552796	NA	2.56996531690296	8.17596781781273	3.48840735694673
lmer_pop	DT_A	M	VA	VA57	252.617470632707	227.983219187411	NA	237.318133989734	247.031128060136	231.068304417646	7.21406544509194	2.50663835651062	NA	2.75651695624825	8.21238490074043	3.42816902850488
lmer_pop	DT_A	M	VA	VA6	NA	227.249219187411	NA	232.494133989734	250.612128060136	232.537304417646	NA	2.94208426975337	NA	2.58473629797783	8.16935454965136	3.24575382430647
lmer_pop	DT_A	M	VA	VA66	259.167470632707	230.064219187411	NA	239.214133989734	277.525128060136	233.633304417646	10.213601286817	2.3135978151637	NA	2.67586280105766	8.24804575386858	3.3264308031282
lmer_pop	DT_A	M	VA	VA67	230.936470632707	229.047219187411	NA	236.444133989734	269.036128060136	222.478304417646	8.28079822517549	2.65089793283903	NA	3.23479299648125	8.41564933667685	3.47306750409492
lmer_pop	DT_A	M	VA	VA71	243.655470632707	225.305219187411	NA	232.638133989734	248.938128060136	227.374304417646	7.21406544509194	2.52795645736438	NA	2.68672565218039	8.11736230298423	3.47098125722397
lmer_pop	DT_A	M	VA	VA9	228.252470632707	230.202219187411	NA	233.658133989734	252.452128060136	221.592304417646	6.67154886409966	2.36162567955429	NA	2.55768777024955	8.31374318570819	3.33040206101307
lmer_pop	DT_A	M	YE	YE11	242.118511617278	239.002357672466	NA	237.437243776033	260.412737890178	224.81514383452	9.30899044853241	3.30563051480281	NA	3.98033366568181	8.49944332533048	3.52476104243979
lmer_pop	DT_A	M	YE	YE13	223.294511617278	227.064357672466	NA	237.824243776033	244.873737890178	219.56714383452	10.1796226929522	2.65149356031568	NA	2.71701234633926	8.18664447991391	3.39009165160785
lmer_pop	DT_A	M	YE	YE14	216.173511617278	223.624357672466	NA	233.941243776033	236.726737890178	220.57114383452	6.35598986554161	2.38092022134206	NA	2.82117069497044	8.20661951356982	3.3059439508711
lmer_pop	DT_A	M	YE	YE15	225.449511617278	216.956357672466	NA	239.389243776033	249.196737890178	222.13514383452	10.1796226929522	2.61823186528533	NA	2.82540423482375	8.17333982167051	3.42369995856839
lmer_pop	DT_A	M	YE	YE19	224.508511617278	220.486357672466	NA	233.337243776033	247.274737890178	220.82814383452	11.5379754797307	2.55720669880155	NA	2.73202929892049	8.21828156249863	3.32606680725166
lmer_pop	DT_A	M	YE	YE20	220.548511617278	215.191357672466	NA	243.245243776033	241.179737890178	221.75514383452	7.88314773240155	2.82128359092019	NA	2.93890049000642	8.51466081770172	3.8404833558162
lmer_pop	DT_A	M	YE	YE21	221.671511617278	223.788357672466	NA	239.773243776033	244.548737890178	225.43914383452	7.36277679757221	2.89428853095118	NA	2.99495260232278	8.38146149788358	3.76119614036562
lmer_pop	DT_A	M	YE	YE22	217.296511617278	225.545357672466	NA	243.062243776033	243.492737890178	221.12114383452	6.61941320442135	2.52532395949421	NA	2.90801652164495	8.46650954292883	3.62034603405548
lmer_pop	DT_A	M	YE	YE23	221.822511617278	221.207357672466	NA	245.680243776033	242.808737890178	227.41614383452	8.23885223625644	2.69081049135674	NA	3.25796579020713	8.27920822545881	3.49971033177051
lmer_pop	DT_A	M	YE	YE24	225.483511617278	222.470357672466	NA	247.673243776033	261.960737890178	228.85814383452	6.99934841044991	2.77525874476517	NA	2.87639863199801	8.39407004024299	3.34110421961082
lmer_pop	DT_A	M	YE	YE26	253.541511617278	223.776357672466	NA	239.030243776033	249.493737890178	224.60914383452	7.59759851340328	2.99494008293914	NA	3.10110127054245	8.33865168000828	4.06598295696148
lmer_pop	DT_A	M	YE	YE27	227.604511617278	218.364357672466	NA	236.473243776033	241.267737890178	223.89214383452	10.1796226929522	2.53919713696978	NA	2.81271116365687	8.26249652589972	4.92755369390342
lmer_pop	DT_A	M	YE	YE33	257.351511617278	222.595357672466	NA	241.724243776033	244.744737890178	222.51514383452	6.43461251132247	2.35732923037821	NA	2.90630419780174	8.94408541106942	3.54437531961575
lmer_pop	DT_A	M	YE	YE40	217.054511617278	217.638357672466	NA	234.171243776033	253.443737890178	221.35014383452	8.23885223625644	2.43731370578256	NA	2.75797554198002	8.19330042415783	4.28183329968615
lmer_pop	DT_A	M	YE	YE41	216.917511617278	227.941357672466	NA	234.827243776033	252.863737890178	224.01414383452	7.88314773240155	2.9331998057404	NA	2.85085760608277	8.42604675043433	4.22145962983199
lmer_pop	DT_A	M	YE	YE48	225.734511617278	225.112357672466	NA	240.035243776033	259.497737890178	230.34314383452	7.88314773240155	2.68410079922411	NA	2.89005555139689	8.19496478580017	3.36747047593609
lmer_pop	DT_A	M	YE	YE49	222.841511617278	227.498357672466	NA	243.241243776033	233.739737890178	218.36514383452	8.69644198341297	1.99040149226118	NA	2.64907230746161	8.17583370920085	3.54437531961575
lmer_pop	DT_A	M	YE	YE51	215.660511617278	216.501357672466	NA	230.944243776033	231.808737890178	220.55014383452	11.5379754797307	2.99406765127235	NA	2.87213580635735	8.35626811683929	3.51987519754625
lmer_pop	DT_A	M	YE	YE69	224.684511617278	226.678357672466	NA	241.545243776033	245.379737890178	226.40614383452	6.72973239964768	2.44932502955315	NA	2.77981673679399	8.1750023755657	3.3907598567727
lmer_pop	DT_A	M	YE	YE80	218.992511617278	228.963357672466	NA	240.727243776033	236.141737890178	217.73214383452	7.88314773240155	2.36203579574813	NA	2.87554587690059	8.26333176391369	3.44950799481625
lmer_pop	DT_A	M	AK	AK19	NA	NA	NA	NA	255.910169286812	NA	NA	NA	NA	NA	8.2288810628517	NA
lmer_pop	DT_A	M	UM	UM24	NA	NA	NA	NA	254.88096797908	NA	NA	NA	NA	NA	8.29576118475984	NA
