Population	Mstar	SEMstar	Q	p	LLMstar	ULMstar	N_lab
YE	0.450256127043069	0.0152001715313626	10.6235635666395	0.223954053693448	0.420464338282768	0.480047915803371	3
RE	0.482687829813835	0.0155152556299067	10.6235635666395	0.223954053693448	0.452278487568285	0.513097172059384	3
GI	0.454769375025456	0.0119136372708916	10.6235635666395	0.223954053693448	0.431419075049635	0.478119675001278	3
MU	0.459960425231843	0.0124554825996511	10.6235635666395	0.223954053693448	0.435548127926462	0.484372722537225	3
MA	0.470922488703192	0.0169100940533702	10.6235635666395	0.223954053693448	0.437779313383402	0.504065664022983	3
UM	0.470822370510145	0.0151183800646035	10.6235635666395	0.223954053693448	0.441190890078934	0.500453850941356	3
KA	0.471762019204135	0.0126508734493735	10.6235635666395	0.223954053693448	0.446966762870389	0.496557275537881	3
VA	0.479595623267571	0.00712091320036784	10.6235635666395	0.223954053693448	0.465638889857814	0.493552356677327	3
AK	0.443166885171712	0.0125071995692716	10.6235635666395	0.223954053693448	0.418653224468484	0.467680545874939	3
