Population	Mstar	SEMstar	Q	p	LLMstar	ULMstar	N_lab
YE	0.254698262881048	0.0047465000345844	23.1209825768772	0.00321234203333262	0.245395293760645	0.264001232001452	3
RE	0.271640438391816	0.00350971113436054	23.1209825768772	0.00321234203333262	0.264761530972331	0.278519345811302	3
GI	0.259578752248249	0.00353522470027979	23.1209825768772	0.00321234203333262	0.252649839158444	0.266507665338054	3
MU	0.269020207079535	0.00313266612586052	23.1209825768772	0.00321234203333262	0.26288029429726	0.27516011986181	3
MA	0.270481627784819	0.00321944429551825	23.1209825768772	0.00321234203333262	0.26417163291537	0.276791622654268	3
UM	0.270991781387249	0.00367231701997372	23.1209825768772	0.00321234203333262	0.263794172288287	0.278189390486211	3
KA	0.273072646316453	0.00475590010434057	23.1209825768772	0.00321234203333262	0.263751253397875	0.282394039235031	3
VA	0.268432285990142	0.00312860981916149	23.1209825768772	0.00321234203333262	0.262300323422907	0.274564248557377	3
AK	0.259483129371842	0.00313580459463977	23.1209825768772	0.00321234203333262	0.253337065303793	0.265629193439892	3
