Population	Mstar	SEMstar	Q	p	LLMstar	ULMstar	N_lab
YE	0.812522311888427	0.0158800265387076	100.393008085631	3.54820097622152e-18	0.78139803179902	0.843646591977834	5
RE	0.931477706778401	0.0150648974078148	100.393008085631	3.54820097622152e-18	0.901951050428294	0.961004363128509	6
GI	0.895382296282261	0.0183567192916937	100.393008085631	3.54820097622152e-18	0.85940378759623	0.931360804968293	5
MU	0.988578181213039	0.0247530157849587	100.393008085631	3.54820097622152e-18	0.940063161765769	1.03709320066031	6
MA	0.951842770481241	0.0340922490858291	100.393008085631	3.54820097622152e-18	0.885023190121047	1.01866235084143	5
UM	1.00092568200723	0.0384180997405718	100.393008085631	3.54820097622152e-18	0.925627590161238	1.07622377385321	5
KA	1.0329701971913	0.0270671539821166	100.393008085631	3.54820097622152e-18	0.97991955022235	1.08602084416025	5
VA	0.94291467947391	0.0360421983575593	100.393008085631	3.54820097622152e-18	0.872273268769445	1.01355609017838	5
AK	1.03128244693367	0.0236557986159282	100.393008085631	3.54820097622152e-18	0.984917933620923	1.07764696024643	6
